Sample	0	1	2	3	4	5	6	7	8	9	10	11	12	13	14	15	16	17	18	19	20	21	22	23	24	25	26	27	28	29	30	31	32	33	34	35	36	37	38	39	40	41	42	43	44	45	46	47	48	49	50	51	52	53
LD1A1 - Adapter 1	(6, 0.022659388196518696)	(7, 0.10712814173877215)	(8, 2.257001647446458)	(9, 6.381578947368421)	(10, 406.5789473684211)	(11, 7096.666666666666)	(12, 429980.0)	(13, 1456770.0)	(14, 3850950.0)	(15, 5407550.0)	(16, 2199310.0)	(17, 35380.0)	(18, 770.0)	(19, 250.0)	(20, 650.0)	(21, 320.0)	(22, 280.0)	(23, 100.0)	(25, 30.0)	(26, 10.0)	(28, 40.0)	(29, 110.0)	(30, 70.0)	(31, 330.0)	(32, 220.0)	(33, 260.0)	(34, 150.0)	(35, 20.0)	(36, 80.0)	(37, 150.0)	(38, 470.0)	(39, 190.0)	(40, 2250.0)	(41, 12310.0)	(42, 1300.0)	(43, 6590.0)	(44, 1150.0)	(45, 11390.0)	(46, 40.0)	(47, 140.0)	(48, 270.0)	(49, 30.0)	(50, 60.0)	(52, 80.0)	(61, 10.0)	(65, 10.0)	(66, 10.0)							
LD1A2 - Adapter 1	(6, 0.023403856955626287)	(7, 0.09363295880149813)	(8, 1.4670658682634732)	(9, 6.287425149700599)	(10, 360.95238095238096)	(11, 8303.0)	(12, 383950.0)	(13, 1899100.0)	(14, 4419940.0)	(15, 5706970.0)	(16, 3102680.0)	(17, 49830.0)	(18, 690.0)	(19, 150.0)	(20, 710.0)	(21, 90.0)	(22, 240.0)	(23, 90.0)	(24, 10.0)	(25, 30.0)	(26, 40.0)	(27, 10.0)	(28, 20.0)	(29, 20.0)	(30, 10.0)	(31, 10.0)	(33, 40.0)	(34, 10.0)	(36, 10.0)	(37, 60.0)	(38, 20.0)	(39, 20.0)	(40, 90.0)	(41, 1070.0)	(42, 100.0)	(43, 960.0)	(44, 180.0)	(45, 1360.0)	(47, 10.0)	(48, 20.0)	(49, 20.0)	(50, 10.0)	(52, 20.0)	(58, 20.0)	(59, 10.0)	(60, 20.0)	(61, 10.0)							
LD1A3 - Adapter 1	(6, 0.021578648495173196)	(7, 0.09995456610631531)	(8, 1.509090909090909)	(9, 6.44927536231884)	(10, 372.94117647058823)	(11, 6864.444444444444)	(12, 441060.0)	(13, 1639160.0)	(14, 3951900.0)	(15, 4772020.0)	(16, 2796400.0)	(17, 42760.0)	(18, 610.0)	(19, 240.0)	(20, 590.0)	(21, 120.0)	(22, 170.0)	(23, 50.0)	(25, 30.0)	(29, 50.0)	(30, 30.0)	(31, 10.0)	(32, 10.0)	(34, 10.0)	(35, 40.0)	(36, 10.0)	(37, 20.0)	(38, 160.0)	(39, 120.0)	(40, 80.0)	(41, 380.0)	(42, 460.0)	(43, 900.0)	(44, 300.0)	(45, 1300.0)	(47, 30.0)	(48, 100.0)	(49, 40.0)	(54, 10.0)	(58, 10.0)	(60, 10.0)	(61, 20.0)												
LD1A4 - Adapter 1	(6, 0.0215962441314554)	(7, 0.08264462809917356)	(8, 1.6366366366366367)	(9, 6.927710843373493)	(10, 418.8095238095238)	(11, 8207.0)	(12, 359026.6666666667)	(13, 2133640.0)	(14, 5701020.0)	(15, 5514040.0)	(16, 3771880.0)	(17, 56280.0)	(18, 800.0)	(19, 150.0)	(20, 530.0)	(21, 60.0)	(22, 190.0)	(23, 100.0)	(24, 10.0)	(25, 20.0)	(26, 10.0)	(27, 10.0)	(28, 10.0)	(29, 10.0)	(30, 20.0)	(31, 20.0)	(32, 30.0)	(33, 10.0)	(34, 30.0)	(35, 10.0)	(38, 50.0)	(39, 120.0)	(40, 40.0)	(41, 140.0)	(42, 830.0)	(43, 990.0)	(44, 90.0)	(45, 1230.0)	(47, 20.0)	(48, 10.0)	(49, 10.0)	(54, 10.0)	(58, 10.0)	(59, 10.0)										
LD1A5 - Adapter 1	(6, 0.02284465633690902)	(7, 0.1430274135876043)	(8, 1.478537360890302)	(9, 6.624203821656051)	(10, 404.35897435897436)	(11, 7140.0)	(12, 490310.0)	(13, 1924400.0)	(14, 4733150.0)	(15, 5530480.0)	(16, 3244180.0)	(17, 40800.0)	(18, 560.0)	(19, 150.0)	(20, 910.0)	(21, 100.0)	(22, 290.0)	(23, 110.0)	(24, 10.0)	(25, 10.0)	(26, 20.0)	(27, 20.0)	(29, 30.0)	(36, 20.0)	(37, 20.0)	(38, 10.0)	(39, 170.0)	(40, 110.0)	(41, 470.0)	(42, 260.0)	(43, 470.0)	(44, 290.0)	(45, 740.0)	(47, 20.0)	(48, 20.0)	(49, 10.0)	(50, 10.0)	(52, 10.0)	(62, 10.0)	(88, 10.0)														
LD1A6 - Adapter 1	(6, 0.027597082594125764)	(7, 0.08675078864353312)	(8, 1.5930599369085174)	(9, 7.044025157232705)	(10, 404.25)	(11, 6877.0)	(12, 486750.0)	(13, 1893180.0)	(14, 4526090.0)	(15, 5359020.0)	(16, 2828750.0)	(17, 46900.0)	(18, 910.0)	(19, 220.0)	(20, 820.0)	(21, 50.0)	(22, 200.0)	(23, 40.0)	(25, 20.0)	(27, 20.0)	(28, 10.0)	(29, 20.0)	(30, 20.0)	(31, 20.0)	(33, 20.0)	(37, 30.0)	(39, 40.0)	(40, 30.0)	(41, 150.0)	(42, 640.0)	(43, 660.0)	(44, 20.0)	(45, 900.0)	(47, 40.0)	(49, 20.0)	(54, 10.0)	(59, 10.0)	(60, 30.0)	(66, 10.0)	(88, 10.0)														
LD1A7 - Adapter 1	(6, 0.026623451788401437)	(7, 0.11574074074074074)	(8, 1.0185185185185186)	(9, 6.962962962962963)	(10, 378.5294117647059)	(11, 9235.0)	(12, 503995.0)	(13, 1605670.0)	(14, 3751430.0)	(15, 4566060.0)	(16, 2682580.0)	(17, 42450.0)	(18, 780.0)	(19, 130.0)	(20, 370.0)	(21, 110.0)	(22, 150.0)	(23, 100.0)	(25, 40.0)	(26, 30.0)	(27, 10.0)	(28, 20.0)	(29, 60.0)	(30, 20.0)	(32, 10.0)	(33, 10.0)	(34, 30.0)	(35, 10.0)	(36, 10.0)	(37, 10.0)	(38, 80.0)	(39, 250.0)	(40, 120.0)	(41, 1660.0)	(42, 170.0)	(43, 1540.0)	(44, 320.0)	(45, 2420.0)	(47, 10.0)	(48, 60.0)	(49, 10.0)	(50, 10.0)	(52, 30.0)	(54, 10.0)	(57, 10.0)	(59, 10.0)	(60, 20.0)	(61, 20.0)	(63, 20.0)					
LD1B1 - Adapter 1	(6, 0.020161290322580645)	(7, 0.1663306451612903)	(8, 2.2983870967741935)	(9, 6.290322580645161)	(10, 451.93548387096774)	(11, 6950.0)	(12, 442695.0)	(13, 131678.0)	(14, 364628.0)	(15, 416048.0)	(16, 161523.0)	(17, 3087.0)	(18, 61.0)	(19, 12.0)	(20, 54.0)	(21, 6.0)	(22, 16.0)	(23, 4.0)	(24, 3.0)	(27, 1.0)	(28, 2.0)	(29, 6.0)	(31, 4.0)	(32, 2.0)	(33, 2.0)	(34, 1.0)	(38, 3.0)	(39, 1.0)	(40, 18.0)	(41, 82.0)	(42, 9.0)	(43, 39.0)	(44, 11.0)	(45, 89.0)	(46, 1.0)	(47, 1.0)	(48, 2.0)	(52, 3.0)	(56, 1.0)	(58, 1.0)	(59, 4.0)	(60, 2.0)												
LD1B2 - Adapter 1	(6, 0.01800382581298526)	(7, 0.13051305130513052)	(8, 1.7477477477477477)	(9, 5.971223021582734)	(10, 366.57142857142856)	(11, 7792.222222222222)	(12, 508330.0)	(13, 1625580.0)	(14, 3838240.0)	(15, 4656800.0)	(16, 2553600.0)	(17, 41480.0)	(18, 530.0)	(19, 180.0)	(20, 650.0)	(21, 90.0)	(22, 170.0)	(23, 40.0)	(24, 10.0)	(26, 10.0)	(29, 20.0)	(30, 20.0)	(31, 10.0)	(32, 10.0)	(33, 10.0)	(34, 20.0)	(35, 10.0)	(36, 30.0)	(37, 140.0)	(38, 40.0)	(39, 20.0)	(40, 40.0)	(41, 1210.0)	(42, 160.0)	(43, 1100.0)	(44, 250.0)	(45, 1330.0)	(47, 20.0)	(48, 20.0)	(50, 10.0)	(52, 10.0)	(57, 20.0)	(58, 10.0)	(61, 20.0)										
LD1B3 - Adapter 1	(6, 0.02724177071509648)	(7, 0.09532455742169768)	(8, 1.6515426497277677)	(9, 5.507246376811594)	(10, 370.88235294117646)	(11, 7227.777777777777)	(12, 443905.0)	(13, 1647130.0)	(14, 3989760.0)	(15, 4751100.0)	(16, 2847230.0)	(17, 43560.0)	(18, 510.0)	(19, 200.0)	(20, 560.0)	(21, 150.0)	(22, 140.0)	(23, 40.0)	(27, 10.0)	(28, 10.0)	(29, 30.0)	(30, 20.0)	(32, 20.0)	(34, 10.0)	(35, 20.0)	(36, 10.0)	(37, 10.0)	(38, 150.0)	(39, 80.0)	(40, 30.0)	(41, 340.0)	(42, 330.0)	(43, 560.0)	(44, 240.0)	(45, 860.0)	(47, 30.0)	(48, 30.0)	(49, 20.0)	(50, 10.0)	(54, 10.0)	(58, 10.0)	(59, 20.0)	(61, 10.0)	(66, 10.0)										
LD1B4 - Adapter 1	(6, 0.016353229762878167)	(7, 0.08585445625511039)	(8, 1.702127659574468)	(9, 7.385620915032679)	(10, 431.3157894736842)	(11, 7474.0)	(12, 513645.0)	(13, 1970860.0)	(14, 5283970.0)	(15, 5068440.0)	(16, 3429950.0)	(17, 43900.0)	(18, 770.0)	(19, 130.0)	(20, 650.0)	(21, 90.0)	(22, 320.0)	(23, 120.0)	(25, 20.0)	(28, 10.0)	(31, 20.0)	(32, 10.0)	(34, 10.0)	(35, 10.0)	(38, 80.0)	(39, 30.0)	(40, 30.0)	(41, 90.0)	(42, 390.0)	(43, 480.0)	(44, 80.0)	(45, 640.0)	(46, 10.0)	(47, 40.0)	(49, 10.0)	(55, 10.0)	(57, 10.0)	(61, 10.0)																
LD1B5 - Adapter 1	(6, 0.03487456406794915)	(7, 0.18901890189018902)	(8, 1.7625899280575539)	(9, 6.83453237410072)	(10, 427.42857142857144)	(11, 7205.555555555556)	(12, 443575.0)	(13, 1703080.0)	(14, 4278010.0)	(15, 4831810.0)	(16, 2861720.0)	(17, 42010.0)	(18, 700.0)	(19, 70.0)	(20, 580.0)	(21, 90.0)	(22, 150.0)	(23, 50.0)	(26, 30.0)	(27, 10.0)	(28, 30.0)	(29, 20.0)	(31, 10.0)	(36, 10.0)	(37, 40.0)	(38, 10.0)	(39, 190.0)	(40, 80.0)	(41, 400.0)	(42, 200.0)	(43, 350.0)	(44, 230.0)	(45, 660.0)	(48, 50.0)	(49, 20.0)	(52, 10.0)	(65, 10.0)	(88, 10.0)	(93, 10.0)															
LD1B6 - Adapter 1	(6, 0.026678523788350377)	(7, 0.09337483325922633)	(8, 1.797153024911032)	(9, 9.21985815602837)	(10, 434.2857142857143)	(11, 6962.222222222222)	(12, 437565.0)	(13, 1695770.0)	(14, 4090190.0)	(15, 4751310.0)	(16, 2525620.0)	(17, 43600.0)	(18, 590.0)	(19, 220.0)	(20, 570.0)	(21, 110.0)	(22, 180.0)	(23, 40.0)	(24, 10.0)	(25, 10.0)	(26, 40.0)	(27, 20.0)	(29, 40.0)	(30, 20.0)	(31, 50.0)	(32, 10.0)	(35, 10.0)	(36, 10.0)	(37, 40.0)	(38, 60.0)	(39, 20.0)	(41, 110.0)	(42, 570.0)	(43, 760.0)	(44, 110.0)	(45, 830.0)	(46, 10.0)	(47, 20.0)	(48, 20.0)	(49, 10.0)	(56, 10.0)	(59, 10.0)	(60, 10.0)	(61, 10.0)	(80, 10.0)	(88, 10.0)								
LD1B7 - Adapter 1	(6, 0.025472298874973466)	(7, 0.11889596602972399)	(8, 1.3412563667232598)	(9, 6.666666666666667)	(10, 383.5135135135135)	(11, 8797.777777777777)	(12, 539330.0)	(13, 1737420.0)	(14, 4107560.0)	(15, 5023500.0)	(16, 2982450.0)	(17, 44560.0)	(18, 870.0)	(19, 160.0)	(20, 560.0)	(21, 100.0)	(22, 150.0)	(23, 80.0)	(27, 10.0)	(29, 10.0)	(31, 20.0)	(34, 10.0)	(35, 10.0)	(37, 10.0)	(38, 50.0)	(39, 120.0)	(40, 40.0)	(41, 930.0)	(42, 120.0)	(43, 670.0)	(44, 190.0)	(45, 1160.0)	(46, 10.0)	(47, 20.0)	(48, 30.0)	(50, 10.0)	(52, 30.0)	(57, 10.0)	(59, 20.0)	(61, 40.0)	(68, 10.0)													
LD1C1 - Adapter 1	(6, 0.02169009196598994)	(7, 0.13189864630336687)	(8, 2.375)	(9, 7.111111111111111)	(10, 442.6666666666667)	(11, 7169.090909090908)	(12, 413636.6666666667)	(13, 1845160.0)	(14, 5080600.0)	(15, 6153220.0)	(16, 2135000.0)	(17, 43850.0)	(18, 870.0)	(19, 190.0)	(20, 630.0)	(21, 70.0)	(22, 180.0)	(23, 10.0)	(25, 20.0)	(26, 10.0)	(27, 20.0)	(28, 10.0)	(29, 80.0)	(30, 10.0)	(31, 10.0)	(32, 20.0)	(33, 30.0)	(36, 10.0)	(38, 40.0)	(39, 10.0)	(40, 150.0)	(41, 920.0)	(42, 90.0)	(43, 460.0)	(44, 80.0)	(45, 790.0)	(46, 30.0)	(47, 30.0)	(48, 20.0)	(50, 10.0)	(52, 30.0)	(56, 10.0)	(57, 10.0)	(59, 10.0)	(62, 10.0)	(64, 10.0)	(67, 10.0)	(68, 10.0)						
LD1C10 - Adapter 1	(6, 0.014567821301392038)	(7, 0.08740692780835223)	(8, 1.2564766839378239)	(9, 5.025906735751295)	(10, 390.0)	(11, 7635.833333333334)	(12, 434706.6666666667)	(13, 2324830.0)	(14, 6082220.0)	(15, 6585650.0)	(16, 3777920.0)	(17, 53190.0)	(18, 660.0)	(19, 230.0)	(20, 470.0)	(21, 60.0)	(22, 110.0)	(23, 70.0)	(27, 20.0)	(28, 60.0)	(29, 10.0)	(30, 10.0)	(31, 30.0)	(33, 10.0)	(37, 10.0)	(38, 20.0)	(39, 30.0)	(40, 180.0)	(41, 70.0)	(42, 190.0)	(43, 560.0)	(44, 50.0)	(45, 640.0)	(48, 10.0)	(50, 10.0)	(52, 10.0)	(54, 10.0)	(58, 10.0)	(62, 10.0)															
LD1C2 - Adapter 1	(6, 0.018604651162790697)	(7, 0.0826787928896238)	(8, 1.7024793388429753)	(9, 6.225165562913907)	(10, 374.2105263157895)	(11, 8417.777777777777)	(12, 544655.0)	(13, 1768180.0)	(14, 4106040.0)	(15, 5057110.0)	(16, 2722150.0)	(17, 43790.0)	(18, 580.0)	(19, 260.0)	(20, 660.0)	(21, 50.0)	(22, 130.0)	(23, 80.0)	(24, 10.0)	(25, 50.0)	(26, 20.0)	(28, 30.0)	(29, 20.0)	(30, 20.0)	(31, 10.0)	(34, 20.0)	(35, 10.0)	(36, 30.0)	(37, 50.0)	(38, 10.0)	(40, 90.0)	(41, 910.0)	(42, 160.0)	(43, 690.0)	(44, 130.0)	(45, 1190.0)	(47, 30.0)	(48, 60.0)	(50, 10.0)	(51, 20.0)	(60, 20.0)	(61, 10.0)	(62, 10.0)											
LD1C3 - Adapter 1	(6, 0.018842069201781435)	(7, 0.08221993833504626)	(8, 1.726027397260274)	(9, 7.142857142857143)	(10, 370.21739130434787)	(11, 7599.999999999999)	(12, 390176.6666666667)	(13, 2205000.0)	(14, 5221320.0)	(15, 6274530.0)	(16, 3726170.0)	(17, 55920.0)	(18, 890.0)	(19, 210.0)	(20, 760.0)	(21, 130.0)	(22, 200.0)	(23, 60.0)	(24, 10.0)	(25, 10.0)	(26, 20.0)	(27, 10.0)	(29, 40.0)	(30, 20.0)	(33, 10.0)	(35, 20.0)	(36, 10.0)	(37, 10.0)	(38, 140.0)	(39, 150.0)	(40, 90.0)	(41, 440.0)	(42, 530.0)	(43, 570.0)	(44, 300.0)	(45, 1270.0)	(47, 30.0)	(49, 20.0)	(51, 10.0)	(52, 10.0)	(57, 20.0)	(58, 20.0)	(59, 20.0)	(60, 10.0)	(61, 30.0)	(62, 30.0)								
LD1C4 - Adapter 1	(6, 0.02665299846232701)	(7, 0.0943009430094301)	(8, 1.819672131147541)	(9, 8.026315789473685)	(10, 449.47368421052636)	(11, 7552.0)	(12, 505690.0)	(13, 1962110.0)	(14, 5245500.0)	(15, 5008800.0)	(16, 3427540.0)	(17, 49620.0)	(18, 840.0)	(19, 120.0)	(20, 390.0)	(21, 90.0)	(22, 160.0)	(23, 60.0)	(26, 10.0)	(27, 10.0)	(28, 10.0)	(29, 20.0)	(31, 20.0)	(34, 20.0)	(38, 60.0)	(39, 20.0)	(40, 30.0)	(41, 80.0)	(42, 370.0)	(43, 440.0)	(44, 40.0)	(45, 560.0)	(46, 10.0)	(47, 10.0)	(48, 50.0)	(49, 20.0)	(50, 10.0)	(53, 10.0)	(54, 10.0)	(60, 10.0)	(61, 20.0)	(67, 10.0)												
LD1C5 - Adapter 1	(6, 0.027755394395201)	(7, 0.11819484240687679)	(8, 1.5472779369627507)	(9, 6.3428571428571425)	(10, 403.8636363636363)	(11, 7449.090909090908)	(12, 378406.6666666667)	(13, 2160800.0)	(14, 5337860.0)	(15, 6017570.0)	(16, 3508080.0)	(17, 54760.0)	(18, 750.0)	(19, 170.0)	(20, 690.0)	(21, 140.0)	(22, 160.0)	(23, 70.0)	(28, 10.0)	(30, 20.0)	(35, 10.0)	(36, 20.0)	(37, 20.0)	(38, 10.0)	(39, 100.0)	(40, 50.0)	(41, 350.0)	(42, 150.0)	(43, 290.0)	(44, 120.0)	(45, 570.0)	(48, 30.0)	(49, 20.0)	(60, 20.0)	(61, 10.0)	(79, 10.0)																		
LD1C6 - Adapter 1	(6, 0.020715220235499345)	(7, 0.13083296990841692)	(8, 1.780104712041885)	(9, 7.832167832167832)	(10, 416.66666666666663)	(11, 7015.555555555556)	(12, 452790.0)	(13, 1727100.0)	(14, 4134450.0)	(15, 4799590.0)	(16, 2510810.0)	(17, 43650.0)	(18, 710.0)	(19, 290.0)	(20, 520.0)	(21, 30.0)	(22, 230.0)	(23, 100.0)	(25, 20.0)	(28, 20.0)	(29, 40.0)	(30, 10.0)	(31, 10.0)	(32, 20.0)	(36, 10.0)	(38, 30.0)	(39, 10.0)	(40, 20.0)	(41, 80.0)	(42, 370.0)	(43, 450.0)	(44, 10.0)	(45, 580.0)	(46, 10.0)	(47, 10.0)	(48, 40.0)	(54, 10.0)	(59, 10.0)																
LD1C7 - Adapter 1	(6, 0.03317195624887932)	(7, 0.0860832137733142)	(8, 1.6642754662840746)	(9, 6.379310344827586)	(10, 372.95454545454544)	(11, 8623.636363636362)	(12, 432080.0)	(13, 2084340.0)	(14, 4848440.0)	(15, 5902120.0)	(16, 3478930.0)	(17, 51930.0)	(18, 730.0)	(19, 220.0)	(20, 780.0)	(21, 60.0)	(22, 140.0)	(23, 150.0)	(24, 10.0)	(25, 40.0)	(27, 10.0)	(28, 30.0)	(29, 30.0)	(30, 10.0)	(31, 10.0)	(38, 60.0)	(40, 30.0)	(41, 470.0)	(42, 50.0)	(43, 470.0)	(44, 60.0)	(45, 520.0)	(47, 20.0)	(48, 20.0)	(52, 10.0)	(57, 10.0)	(64, 10.0)																	
LD1C8 - Adapter 1	(6, 0.035268925557374986)	(7, 0.14105793450881612)	(8, 1.7137096774193548)	(9, 7.661290322580645)	(10, 465.1612903225806)	(11, 7875.0)	(12, 366825.0)	(13, 171270.0)	(14, 497799.0)	(15, 397559.0)	(16, 327638.0)	(17, 3368.0)	(18, 58.0)	(19, 12.0)	(20, 27.0)	(21, 3.0)	(22, 5.0)	(23, 7.0)	(25, 2.0)	(29, 2.0)	(30, 1.0)	(33, 1.0)	(34, 2.0)	(37, 1.0)	(38, 6.0)	(39, 24.0)	(40, 3.0)	(41, 3.0)	(42, 13.0)	(43, 14.0)	(44, 4.0)	(45, 38.0)	(46, 1.0)	(51, 1.0)	(61, 1.0)	(62, 1.0)	(66, 1.0)																	
LD1C9 - Adapter 1	(6, 0.01691252466409847)	(7, 0.07891770011273956)	(8, 1.5639097744360901)	(9, 6.8674698795180715)	(10, 445.0)	(11, 8014.0)	(12, 370746.6666666667)	(13, 2078300.0)	(14, 5868920.0)	(15, 5546080.0)	(16, 3836970.0)	(17, 57830.0)	(18, 950.0)	(19, 120.0)	(20, 700.0)	(21, 60.0)	(22, 130.0)	(23, 60.0)	(24, 10.0)	(25, 10.0)	(26, 20.0)	(27, 10.0)	(28, 50.0)	(29, 50.0)	(31, 10.0)	(33, 10.0)	(34, 30.0)	(36, 10.0)	(37, 10.0)	(38, 10.0)	(39, 30.0)	(40, 210.0)	(41, 60.0)	(42, 130.0)	(43, 340.0)	(44, 140.0)	(45, 470.0)	(48, 20.0)	(53, 10.0)	(54, 10.0)	(60, 10.0)													
LD1D1 - Adapter 1	(6, 0.019676236472587427)	(7, 0.08944543828264759)	(8, 2.360515021459227)	(9, 6.8)	(10, 417.49999999999994)	(11, 6960.90909090909)	(12, 422003.3333333334)	(13, 1855850.0)	(14, 5018380.0)	(15, 5915510.0)	(16, 2115670.0)	(17, 34640.0)	(18, 650.0)	(19, 140.0)	(20, 820.0)	(21, 100.0)	(22, 250.0)	(23, 140.0)	(24, 10.0)	(25, 10.0)	(27, 20.0)	(28, 30.0)	(29, 50.0)	(31, 10.0)	(32, 20.0)	(33, 20.0)	(34, 10.0)	(37, 10.0)	(38, 40.0)	(39, 10.0)	(40, 80.0)	(41, 860.0)	(42, 60.0)	(43, 360.0)	(44, 110.0)	(45, 550.0)	(46, 10.0)	(47, 10.0)	(48, 10.0)	(50, 10.0)	(60, 10.0)	(63, 10.0)	(64, 10.0)											
LD1D10 - Adapter 1	(6, 0.021097046413502112)	(7, 0.10548523206751055)	(8, 1.2939521800281295)	(9, 5.168539325842697)	(10, 389.3181818181818)	(11, 7641.818181818181)	(12, 382143.3333333334)	(13, 2108940.0)	(14, 5512730.0)	(15, 6144930.0)	(16, 3561580.0)	(17, 56830.0)	(18, 900.0)	(19, 190.0)	(20, 710.0)	(21, 100.0)	(22, 190.0)	(23, 100.0)	(24, 10.0)	(27, 20.0)	(28, 20.0)	(29, 10.0)	(30, 10.0)	(31, 10.0)	(37, 30.0)	(38, 10.0)	(39, 10.0)	(40, 100.0)	(41, 20.0)	(42, 110.0)	(43, 480.0)	(44, 40.0)	(45, 420.0)	(47, 10.0)	(48, 10.0)	(59, 20.0)	(60, 10.0)	(61, 10.0)	(65, 10.0)	(68, 10.0)														
LD1D2 - Adapter 1	(6, 0.023312287518212724)	(7, 0.046620046620046623)	(8, 1.944012441679627)	(9, 6.832298136645962)	(10, 382.75)	(11, 8136.0)	(12, 392620.0)	(13, 1892600.0)	(14, 4421430.0)	(15, 5373060.0)	(16, 2897230.0)	(17, 47190.0)	(18, 830.0)	(19, 140.0)	(20, 550.0)	(21, 40.0)	(22, 180.0)	(23, 80.0)	(25, 20.0)	(27, 10.0)	(28, 30.0)	(29, 60.0)	(31, 10.0)	(32, 10.0)	(34, 40.0)	(35, 10.0)	(37, 50.0)	(39, 10.0)	(40, 80.0)	(41, 510.0)	(42, 40.0)	(43, 410.0)	(44, 190.0)	(45, 590.0)	(46, 10.0)	(48, 10.0)	(49, 10.0)	(51, 10.0)	(52, 10.0)	(56, 10.0)	(57, 10.0)	(58, 30.0)	(59, 10.0)	(61, 20.0)	(63, 10.0)									
LD1D3 - Adapter 1	(6, 0.018604651162790697)	(7, 0.07441091360066143)	(8, 1.5041322314049588)	(9, 6.357615894039736)	(10, 373.15789473684214)	(11, 7818.888888888889)	(12, 500800.0)	(13, 1836480.0)	(14, 4409860.0)	(15, 5156980.0)	(16, 3062810.0)	(17, 48100.0)	(18, 800.0)	(19, 240.0)	(20, 480.0)	(21, 90.0)	(22, 220.0)	(23, 90.0)	(24, 20.0)	(25, 10.0)	(31, 20.0)	(32, 20.0)	(33, 10.0)	(34, 30.0)	(35, 30.0)	(37, 20.0)	(38, 160.0)	(39, 130.0)	(40, 30.0)	(41, 450.0)	(42, 540.0)	(43, 700.0)	(44, 380.0)	(45, 870.0)	(46, 20.0)	(47, 30.0)	(48, 60.0)	(49, 20.0)	(52, 10.0)	(57, 20.0)	(59, 20.0)	(60, 40.0)	(61, 20.0)											
LD1D4 - Adapter 1	(6, 0.022529140954060143)	(7, 0.109717868338558)	(8, 1.9122257053291536)	(9, 7.75)	(10, 435.75)	(11, 8092.0)	(12, 523435.0)	(13, 2058580.0)	(14, 5500950.0)	(15, 5250430.0)	(16, 3626060.0)	(17, 55480.0)	(18, 730.0)	(19, 130.0)	(20, 510.0)	(21, 120.0)	(22, 230.0)	(23, 50.0)	(24, 10.0)	(25, 10.0)	(26, 20.0)	(28, 10.0)	(29, 10.0)	(30, 30.0)	(32, 20.0)	(33, 30.0)	(35, 10.0)	(36, 10.0)	(37, 20.0)	(38, 170.0)	(39, 110.0)	(40, 120.0)	(41, 140.0)	(42, 1380.0)	(43, 1560.0)	(44, 230.0)	(45, 1970.0)	(47, 20.0)	(48, 80.0)	(53, 10.0)	(57, 10.0)	(58, 10.0)	(59, 20.0)	(60, 10.0)	(61, 40.0)	(63, 10.0)								
LD1D5 - Adapter 1	(6, 0.016797807444080985)	(7, 0.12022630834512023)	(8, 1.5417256011315417)	(9, 6.101694915254238)	(10, 435.9090909090909)	(11, 7744.545454545454)	(12, 387696.6666666667)	(13, 2191370.0)	(14, 5463100.0)	(15, 6080510.0)	(16, 3537800.0)	(17, 57030.0)	(18, 710.0)	(19, 220.0)	(20, 540.0)	(21, 70.0)	(22, 250.0)	(23, 30.0)	(28, 20.0)	(29, 20.0)	(37, 20.0)	(38, 20.0)	(39, 220.0)	(40, 80.0)	(41, 260.0)	(42, 210.0)	(43, 430.0)	(44, 230.0)	(45, 640.0)	(47, 10.0)	(48, 50.0)	(49, 30.0)	(53, 10.0)	(57, 10.0)	(58, 10.0)	(59, 20.0)	(60, 20.0)	(61, 20.0)	(63, 10.0)															
LD1D6 - Adapter 1	(6, 0.023456558453743667)	(7, 0.0975609756097561)	(8, 1.6966966966966968)	(9, 7.3053892215568865)	(10, 404.76190476190476)	(11, 7292.0)	(12, 355230.0)	(13, 2008190.0)	(14, 4870290.0)	(15, 5559650.0)	(16, 2928250.0)	(17, 52610.0)	(18, 760.0)	(19, 290.0)	(20, 720.0)	(21, 90.0)	(22, 140.0)	(23, 40.0)	(25, 20.0)	(27, 10.0)	(28, 50.0)	(29, 50.0)	(30, 10.0)	(31, 20.0)	(32, 10.0)	(33, 10.0)	(34, 10.0)	(35, 20.0)	(36, 20.0)	(38, 20.0)	(39, 20.0)	(40, 30.0)	(41, 120.0)	(42, 430.0)	(43, 590.0)	(44, 100.0)	(45, 700.0)	(46, 30.0)	(47, 10.0)	(48, 60.0)	(49, 20.0)	(59, 10.0)	(60, 20.0)	(62, 10.0)										
LD1D7 - Adapter 1	(6, 0.02711293941660434)	(7, 0.11219147344801796)	(8, 1.7065868263473054)	(9, 6.347305389221557)	(10, 375.4761904761905)	(11, 9282.0)	(12, 420780.0)	(13, 2005290.0)	(14, 4716660.0)	(15, 5633390.0)	(16, 3316330.0)	(17, 50770.0)	(18, 970.0)	(19, 150.0)	(20, 630.0)	(21, 60.0)	(22, 190.0)	(23, 80.0)	(25, 40.0)	(27, 10.0)	(28, 20.0)	(29, 10.0)	(30, 40.0)	(31, 30.0)	(32, 10.0)	(34, 10.0)	(35, 10.0)	(38, 60.0)	(39, 60.0)	(40, 20.0)	(41, 380.0)	(42, 70.0)	(43, 360.0)	(44, 120.0)	(45, 470.0)	(48, 20.0)	(52, 20.0)	(53, 10.0)	(57, 20.0)	(60, 20.0)	(93, 10.0)													
LD1D8 - Adapter 1	(6, 0.030575845082384912)	(7, 0.16649677200135915)	(8, 1.6440217391304348)	(9, 8.152173913043478)	(10, 484.5652173913044)	(11, 8589.090909090908)	(12, 359526.6666666667)	(13, 2596760.0)	(14, 7402840.0)	(15, 5888010.0)	(16, 4776330.0)	(17, 68020.0)	(18, 1200.0)	(19, 240.0)	(20, 680.0)	(21, 180.0)	(22, 240.0)	(23, 170.0)	(24, 20.0)	(25, 10.0)	(28, 30.0)	(29, 20.0)	(30, 10.0)	(31, 10.0)	(32, 10.0)	(33, 50.0)	(34, 30.0)	(36, 10.0)	(38, 70.0)	(39, 340.0)	(40, 10.0)	(41, 30.0)	(42, 290.0)	(43, 260.0)	(44, 40.0)	(45, 710.0)	(47, 10.0)	(48, 20.0)	(50, 10.0)	(51, 20.0)	(53, 20.0)	(58, 10.0)	(59, 20.0)	(60, 30.0)	(63, 20.0)									
LD1D9 - Adapter 1	(6, 0.02059477716451108)	(7, 0.09225700164744646)	(8, 1.7391304347826086)	(9, 6.7894736842105265)	(10, 434.46808510638294)	(11, 7357.5)	(12, 404286.6666666667)	(13, 2366780.0)	(14, 6601760.0)	(15, 6358760.0)	(16, 4590640.0)	(17, 60690.0)	(18, 1070.0)	(19, 110.0)	(20, 470.0)	(21, 40.0)	(22, 210.0)	(23, 80.0)	(25, 60.0)	(27, 10.0)	(28, 10.0)	(29, 30.0)	(30, 30.0)	(31, 20.0)	(32, 10.0)	(34, 10.0)	(39, 50.0)	(40, 310.0)	(41, 50.0)	(42, 100.0)	(43, 440.0)	(44, 90.0)	(45, 440.0)	(48, 30.0)	(50, 10.0)	(58, 10.0)																		
O22A1 - Adapter 1	(6, 0.023245984784446325)	(7, 0.08453085376162299)	(8, 2.2466216216216215)	(9, 6.891891891891891)	(10, 410.5405405405405)	(11, 7388.888888888889)	(12, 508350.0)	(13, 1558870.0)	(14, 4317300.0)	(15, 5022040.0)	(16, 1964030.0)	(17, 36670.0)	(18, 770.0)	(19, 140.0)	(20, 480.0)	(21, 50.0)	(22, 170.0)	(23, 80.0)	(24, 20.0)	(25, 10.0)	(26, 30.0)	(27, 50.0)	(28, 30.0)	(29, 30.0)	(31, 20.0)	(32, 10.0)	(38, 50.0)	(40, 140.0)	(41, 770.0)	(42, 30.0)	(43, 390.0)	(44, 90.0)	(45, 650.0)	(46, 10.0)	(47, 10.0)	(48, 40.0)	(50, 10.0)	(54, 30.0)	(56, 10.0)	(58, 10.0)	(60, 40.0)													
O22A2 - Adapter 1	(6, 0.02466091245376079)	(7, 0.06987258528565557)	(8, 1.661184210526316)	(9, 7.434210526315789)	(10, 374.47368421052636)	(11, 7710.0)	(12, 542935.0)	(13, 1777910.0)	(14, 4187560.0)	(15, 5102780.0)	(16, 2831160.0)	(17, 43530.0)	(18, 690.0)	(19, 310.0)	(20, 570.0)	(21, 150.0)	(22, 150.0)	(23, 90.0)	(26, 10.0)	(27, 10.0)	(28, 40.0)	(29, 20.0)	(30, 40.0)	(32, 50.0)	(33, 10.0)	(34, 70.0)	(35, 10.0)	(36, 10.0)	(37, 200.0)	(38, 90.0)	(39, 110.0)	(40, 240.0)	(41, 3280.0)	(42, 490.0)	(43, 2880.0)	(44, 750.0)	(45, 4280.0)	(46, 20.0)	(47, 100.0)	(48, 30.0)	(50, 10.0)	(51, 10.0)	(52, 10.0)	(57, 10.0)	(58, 20.0)	(59, 20.0)	(60, 10.0)							
O22A3 - Adapter 1	(6, 0.01688969728465636)	(7, 0.09875259875259874)	(8, 1.1018711018711018)	(9, 4.833333333333333)	(10, 361.0)	(11, 7107.5)	(12, 407120.0)	(13, 147441.0)	(14, 360407.0)	(15, 409070.0)	(16, 244927.0)	(17, 2961.0)	(18, 40.0)	(19, 20.0)	(20, 34.0)	(21, 8.0)	(22, 12.0)	(23, 8.0)	(25, 2.0)	(26, 2.0)	(27, 1.0)	(28, 1.0)	(29, 3.0)	(30, 1.0)	(31, 3.0)	(32, 2.0)	(35, 2.0)	(38, 15.0)	(39, 11.0)	(40, 6.0)	(41, 34.0)	(42, 40.0)	(43, 63.0)	(44, 21.0)	(45, 100.0)	(47, 2.0)	(48, 3.0)	(49, 1.0)	(61, 1.0)															
O22A4 - Adapter 1	(6, 0.019316493313521546)	(7, 0.136660724896019)	(8, 1.9002375296912113)	(9, 7.523809523809524)	(10, 447.6923076923077)	(11, 7372.857142857143)	(12, 357370.0)	(13, 135872.0)	(14, 366432.0)	(15, 345440.0)	(16, 236192.0)	(17, 2283.0)	(18, 33.0)	(19, 1.0)	(20, 38.0)	(22, 14.0)	(23, 5.0)	(25, 1.0)	(26, 2.0)	(29, 2.0)	(30, 1.0)	(32, 1.0)	(38, 9.0)	(39, 4.0)	(41, 11.0)	(42, 18.0)	(43, 34.0)	(44, 1.0)	(45, 50.0)	(46, 2.0)	(47, 1.0)	(50, 1.0)	(52, 1.0)	(59, 1.0)																				
O22A5 - Adapter 1	(6, 0.0227072032294689)	(7, 0.0958627648839556)	(8, 1.8383838383838385)	(9, 6.612903225806451)	(10, 416.1290322580645)	(11, 7497.5)	(12, 406210.0)	(13, 154736.0)	(14, 387021.0)	(15, 423367.0)	(16, 253692.0)	(17, 3882.0)	(18, 47.0)	(19, 17.0)	(20, 37.0)	(21, 8.0)	(22, 15.0)	(23, 7.0)	(26, 1.0)	(28, 3.0)	(29, 3.0)	(34, 1.0)	(35, 1.0)	(36, 1.0)	(38, 2.0)	(39, 9.0)	(40, 6.0)	(41, 36.0)	(42, 13.0)	(43, 31.0)	(44, 8.0)	(45, 52.0)	(46, 1.0)	(49, 2.0)	(50, 1.0)	(58, 1.0)	(59, 4.0)	(61, 1.0)	(63, 1.0)															
O22A6 - Adapter 1	(6, 0.025664057487488772)	(7, 0.10780287474332648)	(8, 2.0533880903490758)	(9, 6.967213114754099)	(10, 423.3333333333333)	(11, 6895.0)	(12, 391285.0)	(13, 147731.0)	(14, 362709.0)	(15, 403185.0)	(16, 218778.0)	(17, 3654.0)	(18, 65.0)	(19, 24.0)	(20, 50.0)	(21, 5.0)	(22, 16.0)	(23, 8.0)	(24, 1.0)	(27, 1.0)	(28, 1.0)	(29, 1.0)	(32, 2.0)	(37, 1.0)	(39, 3.0)	(41, 5.0)	(42, 22.0)	(43, 43.0)	(45, 50.0)	(46, 1.0)	(47, 1.0)	(48, 3.0)	(49, 1.0)	(58, 1.0)	(59, 3.0)	(61, 2.0)	(88, 1.0)																	
O22A7 - Adapter 1	(6, 0.027271735573251882)	(7, 0.13089005235602094)	(8, 1.431064572425829)	(9, 6.153846153846153)	(10, 386.94444444444446)	(11, 8672.222222222223)	(12, 541495.0)	(13, 1717710.0)	(14, 4090460.0)	(15, 4786380.0)	(16, 2929600.0)	(17, 39510.0)	(18, 850.0)	(19, 160.0)	(20, 470.0)	(21, 20.0)	(22, 110.0)	(23, 130.0)	(24, 40.0)	(25, 50.0)	(26, 10.0)	(27, 10.0)	(28, 20.0)	(30, 10.0)	(31, 20.0)	(35, 20.0)	(37, 20.0)	(38, 50.0)	(39, 70.0)	(40, 30.0)	(41, 540.0)	(42, 30.0)	(43, 540.0)	(44, 110.0)	(45, 700.0)	(47, 10.0)	(48, 40.0)	(55, 10.0)	(57, 10.0)	(58, 10.0)	(59, 10.0)	(60, 20.0)	(62, 10.0)	(64, 10.0)										
O22A8 - Adapter 1	(6, 0.021872265966754158)	(7, 0.12835472578763127)	(8, 2.237762237762238)	(9, 7.476635514018692)	(10, 455.55555555555554)	(11, 7852.857142857143)	(12, 325960.0)	(13, 148349.0)	(14, 440659.0)	(15, 329858.0)	(16, 291964.0)	(17, 3026.0)	(18, 72.0)	(19, 16.0)	(20, 58.0)	(21, 7.0)	(22, 15.0)	(23, 11.0)	(25, 3.0)	(26, 1.0)	(33, 2.0)	(34, 4.0)	(36, 1.0)	(38, 8.0)	(39, 33.0)	(40, 3.0)	(42, 11.0)	(43, 14.0)	(44, 2.0)	(45, 40.0)	(52, 1.0)																							
O22B1 - Adapter 1	(6, 0.028795208477309375)	(7, 0.10138248847926268)	(8, 2.3572744014732967)	(9, 6.470588235294118)	(10, 429.70588235294116)	(11, 7278.75)	(12, 491355.0)	(13, 1437820.0)	(14, 3886730.0)	(15, 4594360.0)	(16, 1647830.0)	(17, 23840.0)	(18, 540.0)	(19, 20.0)	(20, 360.0)	(21, 40.0)	(22, 150.0)	(23, 90.0)	(25, 30.0)	(26, 10.0)	(27, 10.0)	(28, 60.0)	(29, 40.0)	(30, 10.0)	(31, 30.0)	(32, 20.0)	(34, 10.0)	(38, 10.0)	(39, 20.0)	(40, 70.0)	(41, 620.0)	(42, 60.0)	(43, 460.0)	(44, 90.0)	(45, 450.0)	(47, 40.0)	(60, 10.0)																	
O22B2 - Adapter 1	(6, 0.01503113592441486)	(7, 0.060137457044673534)	(8, 1.7353951890034363)	(9, 6.917808219178083)	(10, 373.6111111111111)	(11, 8141.111111111111)	(12, 547320.0)	(13, 1711930.0)	(14, 4021860.0)	(15, 4850600.0)	(16, 2588680.0)	(17, 37710.0)	(18, 730.0)	(19, 190.0)	(20, 390.0)	(21, 90.0)	(22, 100.0)	(23, 60.0)	(25, 20.0)	(26, 30.0)	(27, 10.0)	(29, 10.0)	(30, 20.0)	(31, 10.0)	(37, 60.0)	(38, 50.0)	(39, 30.0)	(40, 50.0)	(41, 810.0)	(42, 150.0)	(43, 550.0)	(44, 190.0)	(45, 830.0)	(48, 40.0)	(50, 10.0)	(52, 30.0)	(54, 10.0)	(59, 20.0)	(82, 10.0)															
O22B3 - Adapter 1	(6, 0.021149101163200564)	(7, 0.08928571428571429)	(8, 1.3721804511278195)	(9, 6.992481203007518)	(10, 364.24242424242425)	(11, 7625.0)	(12, 443825.0)	(13, 1618510.0)	(14, 3885860.0)	(15, 4546180.0)	(16, 2674250.0)	(17, 38200.0)	(18, 570.0)	(19, 190.0)	(20, 390.0)	(21, 30.0)	(22, 60.0)	(23, 30.0)	(25, 20.0)	(26, 10.0)	(29, 10.0)	(31, 30.0)	(33, 10.0)	(36, 10.0)	(37, 10.0)	(38, 30.0)	(39, 80.0)	(40, 10.0)	(41, 210.0)	(42, 340.0)	(43, 300.0)	(44, 220.0)	(45, 470.0)	(47, 20.0)	(48, 10.0)	(49, 20.0)	(57, 10.0)	(60, 30.0)	(61, 20.0)															
O22B4 - Adapter 1	(6, 0.014201183431952662)	(7, 0.10416666666666667)	(8, 1.6666666666666667)	(9, 7.878787878787879)	(10, 436.06060606060606)	(11, 8207.5)	(12, 426405.0)	(13, 1687070.0)	(14, 4502020.0)	(15, 4359880.0)	(16, 3010890.0)	(17, 43430.0)	(18, 650.0)	(19, 90.0)	(20, 430.0)	(21, 50.0)	(22, 200.0)	(23, 20.0)	(27, 10.0)	(29, 20.0)	(30, 10.0)	(32, 10.0)	(35, 10.0)	(38, 30.0)	(39, 40.0)	(40, 10.0)	(41, 60.0)	(42, 220.0)	(43, 240.0)	(44, 50.0)	(45, 500.0)	(48, 40.0)	(55, 10.0)	(57, 20.0)	(58, 10.0)	(59, 10.0)	(60, 20.0)	(61, 20.0)	(62, 10.0)															
O22B5 - Adapter 1	(6, 0.03072812291249165)	(7, 0.0694815606627472)	(8, 1.3034188034188035)	(9, 6.495726495726496)	(10, 425.86206896551727)	(11, 7781.428571428572)	(12, 386585.0)	(13, 146267.0)	(14, 361616.0)	(15, 403266.0)	(16, 234595.0)	(17, 2536.0)	(18, 30.0)	(19, 16.0)	(20, 15.0)	(21, 7.0)	(22, 6.0)	(23, 2.0)	(25, 4.0)	(36, 1.0)	(37, 2.0)	(39, 13.0)	(40, 4.0)	(41, 20.0)	(42, 14.0)	(43, 25.0)	(44, 16.0)	(45, 56.0)	(46, 1.0)	(48, 1.0)	(52, 1.0)	(59, 1.0)	(60, 2.0)	(62, 1.0)																				
O22B6 - Adapter 1	(6, 0.02411852532445159)	(7, 0.04593477262287552)	(8, 1.6360294117647058)	(9, 7.205882352941177)	(10, 410.29411764705884)	(11, 6517.777777777777)	(12, 426235.0)	(13, 1635860.0)	(14, 3908520.0)	(15, 4606830.0)	(16, 2409680.0)	(17, 34160.0)	(18, 870.0)	(19, 190.0)	(20, 250.0)	(21, 70.0)	(22, 70.0)	(23, 10.0)	(24, 10.0)	(25, 50.0)	(27, 10.0)	(28, 20.0)	(29, 40.0)	(30, 30.0)	(31, 20.0)	(34, 20.0)	(35, 20.0)	(36, 10.0)	(37, 20.0)	(39, 50.0)	(40, 20.0)	(41, 230.0)	(42, 800.0)	(43, 1000.0)	(44, 150.0)	(45, 1230.0)	(46, 10.0)	(48, 30.0)	(49, 40.0)	(52, 10.0)	(54, 10.0)	(57, 10.0)												
O22B7 - Adapter 1	(6, 0.023710729104919975)	(7, 0.10431484115694642)	(8, 1.4041745730550284)	(9, 6.136363636363637)	(10, 377.5757575757576)	(11, 8926.25)	(12, 484270.0)	(13, 1568740.0)	(14, 3652250.0)	(15, 4464030.0)	(16, 2631790.0)	(17, 37670.0)	(18, 530.0)	(19, 160.0)	(20, 490.0)	(21, 110.0)	(22, 180.0)	(23, 50.0)	(24, 10.0)	(27, 10.0)	(29, 20.0)	(30, 10.0)	(31, 10.0)	(34, 20.0)	(38, 30.0)	(39, 90.0)	(40, 30.0)	(41, 590.0)	(42, 30.0)	(43, 570.0)	(44, 130.0)	(45, 650.0)	(46, 20.0)	(47, 10.0)	(48, 40.0)	(53, 10.0)	(57, 10.0)	(59, 50.0)	(60, 50.0)	(61, 10.0)														
O22B8 - Adapter 1	(6, 0.023053973420124763)	(7, 0.1843817787418655)	(8, 1.9956616052060736)	(9, 7.565217391304348)	(10, 454.48275862068965)	(11, 8470.0)	(12, 313860.0)	(13, 161070.0)	(14, 445897.0)	(15, 376158.0)	(16, 311296.0)	(17, 3909.0)	(18, 71.0)	(19, 24.0)	(20, 37.0)	(21, 16.0)	(22, 31.0)	(23, 6.0)	(27, 2.0)	(28, 2.0)	(29, 6.0)	(30, 4.0)	(31, 5.0)	(32, 25.0)	(33, 15.0)	(34, 48.0)	(35, 10.0)	(36, 13.0)	(37, 16.0)	(38, 157.0)	(39, 595.0)	(40, 72.0)	(41, 78.0)	(42, 447.0)	(43, 552.0)	(44, 89.0)	(45, 1170.0)	(46, 5.0)	(47, 11.0)	(48, 23.0)	(49, 2.0)	(50, 6.0)	(51, 2.0)	(52, 11.0)	(53, 2.0)	(55, 1.0)	(56, 1.0)	(58, 1.0)	(59, 1.0)	(60, 1.0)	(61, 2.0)	(93, 1.0)		
O22C1 - Adapter 1	(6, 0.023950408565793183)	(7, 0.15219842164599773)	(8, 1.981981981981982)	(9, 6.306306306306307)	(10, 436.0714285714286)	(11, 7120.0)	(12, 397825.0)	(13, 118350.0)	(14, 330316.0)	(15, 371806.0)	(16, 143508.0)	(17, 2667.0)	(18, 53.0)	(19, 13.0)	(20, 38.0)	(21, 9.0)	(22, 3.0)	(23, 4.0)	(25, 2.0)	(26, 1.0)	(28, 3.0)	(29, 5.0)	(30, 1.0)	(31, 4.0)	(32, 4.0)	(35, 1.0)	(36, 3.0)	(37, 1.0)	(39, 3.0)	(40, 10.0)	(41, 63.0)	(42, 9.0)	(43, 46.0)	(44, 10.0)	(45, 61.0)	(47, 3.0)	(48, 2.0)	(50, 3.0)	(51, 1.0)	(52, 1.0)	(54, 1.0)	(55, 1.0)	(57, 1.0)	(58, 1.0)	(59, 2.0)	(60, 1.0)								
O22C2 - Adapter 1	(6, 0.018573551263001486)	(7, 0.04457652303120357)	(8, 1.5247524752475248)	(9, 5.714285714285714)	(10, 387.5)	(11, 7980.0)	(12, 510555.0)	(13, 151577.0)	(14, 358088.0)	(15, 411567.0)	(16, 214794.0)	(17, 2669.0)	(18, 28.0)	(19, 7.0)	(20, 52.0)	(21, 7.0)	(22, 24.0)	(23, 14.0)	(25, 3.0)	(26, 2.0)	(27, 2.0)	(28, 8.0)	(29, 5.0)	(30, 1.0)	(31, 4.0)	(32, 2.0)	(35, 1.0)	(37, 5.0)	(38, 1.0)	(39, 1.0)	(40, 1.0)	(41, 69.0)	(42, 5.0)	(43, 39.0)	(44, 14.0)	(45, 71.0)	(47, 2.0)	(48, 2.0)	(52, 1.0)	(66, 1.0)														
O22C3 - Adapter 1	(6, 0.013252054068380599)	(7, 0.12725344644750797)	(8, 1.694915254237288)	(9, 4.915254237288135)	(10, 394.48275862068965)	(11, 7841.428571428572)	(12, 407005.0)	(13, 143969.0)	(14, 353189.0)	(15, 397600.0)	(16, 236265.0)	(17, 3803.0)	(18, 54.0)	(19, 15.0)	(20, 39.0)	(21, 6.0)	(22, 12.0)	(23, 1.0)	(27, 3.0)	(28, 3.0)	(29, 1.0)	(31, 2.0)	(36, 1.0)	(37, 1.0)	(38, 11.0)	(39, 13.0)	(40, 9.0)	(41, 25.0)	(42, 39.0)	(43, 36.0)	(44, 20.0)	(45, 94.0)	(47, 1.0)	(48, 3.0)	(49, 3.0)	(59, 1.0)	(60, 1.0)	(61, 4.0)																
O22C4 - Adapter 1	(6, 0.033860045146726865)	(7, 0.13039117352056168)	(8, 2.0481927710843375)	(9, 6.88)	(10, 416.4516129032258)	(11, 8022.5)	(12, 420950.0)	(13, 160924.0)	(14, 439540.0)	(15, 406776.0)	(16, 281567.0)	(17, 3613.0)	(18, 58.0)	(19, 11.0)	(20, 36.0)	(21, 4.0)	(22, 15.0)	(23, 6.0)	(25, 3.0)	(26, 2.0)	(27, 1.0)	(28, 3.0)	(29, 2.0)	(30, 1.0)	(31, 2.0)	(32, 2.0)	(37, 1.0)	(38, 12.0)	(39, 6.0)	(40, 5.0)	(41, 9.0)	(42, 91.0)	(43, 90.0)	(44, 7.0)	(45, 146.0)	(46, 2.0)	(48, 4.0)	(50, 1.0)	(54, 1.0)	(59, 1.0)	(79, 1.0)													
O22C5 - Adapter 1	(6, 0.02486943546381497)	(7, 0.13930348258706468)	(8, 1.5506958250497018)	(9, 5.9523809523809526)	(10, 431.2903225806451)	(11, 7680.0)	(12, 426245.0)	(13, 157825.0)	(14, 398700.0)	(15, 427344.0)	(16, 250041.0)	(17, 3873.0)	(18, 56.0)	(19, 13.0)	(20, 43.0)	(21, 12.0)	(22, 9.0)	(23, 9.0)	(25, 2.0)	(29, 1.0)	(35, 1.0)	(36, 4.0)	(37, 2.0)	(38, 2.0)	(39, 16.0)	(40, 7.0)	(41, 29.0)	(42, 13.0)	(43, 41.0)	(44, 12.0)	(45, 50.0)	(47, 3.0)	(48, 1.0)	(49, 1.0)	(53, 2.0)	(58, 3.0)	(61, 1.0)	(85, 1.0)																
O22C6 - Adapter 1	(6, 0.018783412801618264)	(7, 0.05202312138728324)	(8, 1.7321016166281757)	(9, 7.592592592592592)	(10, 400.3703703703703)	(11, 6610.0)	(12, 368410.0)	(13, 132867.0)	(14, 319697.0)	(15, 357072.0)	(16, 178485.0)	(17, 2129.0)	(18, 28.0)	(19, 9.0)	(20, 72.0)	(21, 6.0)	(22, 14.0)	(23, 14.0)	(32, 1.0)	(33, 1.0)	(34, 1.0)	(35, 1.0)	(36, 1.0)	(37, 2.0)	(38, 1.0)	(39, 3.0)	(40, 1.0)	(41, 9.0)	(42, 18.0)	(43, 42.0)	(44, 3.0)	(45, 34.0)	(47, 1.0)	(49, 1.0)																				
O22C7 - Adapter 1	(6, 0.033200531208499334)	(7, 0.1381509032943677)	(8, 1.5074309978768576)	(9, 7.372881355932203)	(10, 395.1724137931035)	(11, 9262.857142857143)	(12, 453800.0)	(13, 142481.0)	(14, 336958.0)	(15, 392186.0)	(16, 232182.0)	(17, 3618.0)	(18, 59.0)	(19, 9.0)	(20, 44.0)	(21, 3.0)	(22, 14.0)	(23, 5.0)	(25, 1.0)	(27, 1.0)	(28, 2.0)	(29, 2.0)	(32, 1.0)	(34, 2.0)	(36, 1.0)	(38, 4.0)	(39, 7.0)	(40, 1.0)	(41, 61.0)	(42, 8.0)	(43, 42.0)	(44, 14.0)	(45, 67.0)	(48, 3.0)	(49, 2.0)	(50, 1.0)	(52, 1.0)	(58, 1.0)	(61, 1.0)	(62, 1.0)														
O22C8 - Adapter 1	(6, 0.02893359052080463)	(7, 0.13774104683195593)	(8, 2.026431718061674)	(9, 7.43362831858407)	(10, 486.78571428571433)	(11, 8271.428571428572)	(12, 336665.0)	(13, 159429.0)	(14, 464695.0)	(15, 358639.0)	(16, 296788.0)	(17, 3598.0)	(18, 69.0)	(19, 11.0)	(20, 27.0)	(21, 2.0)	(22, 7.0)	(23, 11.0)	(25, 2.0)	(27, 1.0)	(28, 1.0)	(29, 1.0)	(31, 5.0)	(33, 1.0)	(34, 4.0)	(35, 1.0)	(36, 2.0)	(37, 2.0)	(38, 4.0)	(39, 39.0)	(40, 3.0)	(41, 4.0)	(42, 13.0)	(43, 27.0)	(44, 6.0)	(45, 54.0)	(46, 1.0)	(47, 2.0)	(52, 1.0)	(56, 1.0)	(58, 1.0)	(59, 3.0)	(60, 1.0)	(61, 1.0)										
O22D1 - Adapter 1	(6, 0.016043440700974947)	(7, 0.10365251727541955)	(8, 2.6284584980237153)	(9, 6.141732283464568)	(10, 394.375)	(11, 6973.75)	(12, 452280.0)	(13, 130777.0)	(14, 360841.0)	(15, 426020.0)	(16, 151979.0)	(17, 2669.0)	(18, 55.0)	(19, 16.0)	(20, 39.0)	(21, 7.0)	(22, 9.0)	(23, 2.0)	(24, 2.0)	(25, 3.0)	(26, 2.0)	(27, 1.0)	(28, 2.0)	(29, 8.0)	(30, 1.0)	(31, 3.0)	(32, 5.0)	(33, 1.0)	(34, 7.0)	(37, 3.0)	(38, 8.0)	(39, 1.0)	(40, 27.0)	(41, 210.0)	(42, 16.0)	(43, 137.0)	(44, 15.0)	(45, 151.0)	(46, 1.0)	(47, 4.0)	(48, 3.0)	(49, 1.0)	(50, 2.0)	(51, 1.0)	(52, 4.0)	(53, 1.0)	(57, 1.0)	(60, 2.0)	(62, 1.0)	(91, 1.0)				
O22D2 - Adapter 1	(6, 0.011014563700893404)	(7, 0.1027900146842878)	(8, 1.6046966731898238)	(9, 6.171875)	(10, 370.3125)	(11, 7795.0)	(12, 477950.0)	(13, 145147.0)	(14, 350366.0)	(15, 427552.0)	(16, 219807.0)	(17, 3730.0)	(18, 55.0)	(19, 24.0)	(20, 53.0)	(21, 7.0)	(22, 16.0)	(23, 7.0)	(24, 1.0)	(25, 1.0)	(27, 2.0)	(28, 2.0)	(29, 2.0)	(30, 1.0)	(32, 2.0)	(34, 2.0)	(35, 1.0)	(36, 3.0)	(37, 5.0)	(38, 5.0)	(39, 2.0)	(40, 12.0)	(41, 99.0)	(42, 7.0)	(43, 80.0)	(44, 22.0)	(45, 128.0)	(46, 1.0)	(47, 4.0)	(48, 3.0)	(52, 1.0)	(60, 3.0)	(61, 1.0)	(68, 1.0)										
O22D3 - Adapter 1	(6, 0.013048635824436536)	(7, 0.05218216318785578)	(8, 1.2333965844402277)	(9, 6.8939393939393945)	(10, 372.72727272727275)	(11, 7456.25)	(12, 470375.0)	(13, 1590020.0)	(14, 3887060.0)	(15, 4479750.0)	(16, 2514300.0)	(17, 28440.0)	(18, 260.0)	(19, 150.0)	(20, 490.0)	(21, 10.0)	(22, 70.0)	(23, 90.0)	(29, 10.0)	(32, 10.0)	(35, 30.0)	(38, 80.0)	(39, 70.0)	(41, 230.0)	(42, 240.0)	(43, 390.0)	(44, 70.0)	(45, 570.0)	(47, 10.0)	(48, 10.0)	(50, 10.0)	(52, 10.0)	(54, 10.0)																					
O22D4 - Adapter 1	(6, 0.020528611752630228)	(7, 0.11287839917906618)	(8, 2.0533880903490758)	(9, 8.032786885245901)	(10, 415.3333333333333)	(11, 7575.0)	(12, 405565.0)	(13, 152289.0)	(14, 415375.0)	(15, 403702.0)	(16, 267852.0)	(17, 3833.0)	(18, 52.0)	(19, 13.0)	(20, 54.0)	(21, 4.0)	(22, 15.0)	(23, 1.0)	(24, 1.0)	(25, 1.0)	(27, 2.0)	(28, 1.0)	(29, 5.0)	(30, 1.0)	(32, 3.0)	(33, 1.0)	(36, 1.0)	(38, 7.0)	(39, 23.0)	(40, 13.0)	(41, 24.0)	(42, 155.0)	(43, 161.0)	(44, 19.0)	(45, 199.0)	(46, 2.0)	(47, 6.0)	(48, 6.0)	(49, 1.0)	(50, 2.0)	(54, 1.0)	(58, 1.0)	(59, 2.0)											
O22D5 - Adapter 1	(6, 0.02572268495835375)	(7, 0.11268985791278785)	(8, 1.6862745098039216)	(9, 7.734375)	(10, 436.875)	(11, 7436.25)	(12, 438090.0)	(13, 155328.0)	(14, 400423.0)	(15, 441767.0)	(16, 244637.0)	(17, 3073.0)	(18, 71.0)	(19, 10.0)	(20, 49.0)	(21, 4.0)	(22, 8.0)	(23, 8.0)	(25, 5.0)	(26, 1.0)	(28, 2.0)	(30, 1.0)	(31, 1.0)	(36, 2.0)	(37, 1.0)	(39, 6.0)	(40, 5.0)	(41, 29.0)	(42, 18.0)	(43, 23.0)	(44, 19.0)	(45, 39.0)	(49, 1.0)	(52, 2.0)	(59, 1.0)	(60, 1.0)	(93, 1.0)																	
O22D6 - Adapter 1	(6, 0.01749271137026239)	(7, 0.09794776119402984)	(8, 1.8097014925373134)	(9, 7.313432835820896)	(10, 431.21212121212125)	(11, 7583.75)	(12, 439295.0)	(13, 1629410.0)	(14, 3986510.0)	(15, 4423370.0)	(16, 2331480.0)	(17, 40110.0)	(18, 730.0)	(19, 200.0)	(20, 540.0)	(21, 100.0)	(22, 190.0)	(23, 80.0)	(24, 10.0)	(25, 10.0)	(26, 10.0)	(30, 10.0)	(32, 20.0)	(39, 20.0)	(40, 10.0)	(41, 90.0)	(42, 390.0)	(43, 610.0)	(44, 110.0)	(45, 610.0)	(48, 30.0)	(53, 10.0)	(58, 10.0)	(59, 40.0)	(60, 10.0)	(61, 50.0)																		
O22D7 - Adapter 1	(6, 0.02553852986897624)	(7, 0.11989342806394317)	(8, 1.349911190053286)	(9, 8.297872340425533)	(10, 384.85714285714283)	(11, 8165.555555555556)	(12, 552270.0)	(13, 1642760.0)	(14, 4027430.0)	(15, 4752710.0)	(16, 2708980.0)	(17, 28380.0)	(18, 280.0)	(19, 30.0)	(20, 670.0)	(21, 20.0)	(22, 170.0)	(23, 240.0)	(25, 10.0)	(27, 40.0)	(28, 50.0)	(29, 50.0)	(30, 10.0)	(32, 20.0)	(34, 10.0)	(38, 30.0)	(39, 110.0)	(40, 30.0)	(41, 520.0)	(42, 30.0)	(43, 350.0)	(44, 40.0)	(45, 580.0)	(48, 20.0)	(52, 20.0)	(58, 10.0)	(59, 10.0)	(61, 10.0)	(93, 10.0)															
O22D8 - Adapter 1	(6, 0.03308012741975006)	(7, 0.1715686274509804)	(8, 2.0784313725490198)	(9, 7.890625)	(10, 467.1875)	(11, 8128.75)	(12, 395775.0)	(13, 181193.0)	(14, 519331.0)	(15, 398837.0)	(16, 325028.0)	(17, 4610.0)	(18, 90.0)	(19, 18.0)	(20, 41.0)	(21, 4.0)	(22, 11.0)	(23, 7.0)	(24, 1.0)	(25, 1.0)	(26, 1.0)	(27, 1.0)	(28, 1.0)	(30, 1.0)	(31, 3.0)	(32, 1.0)	(34, 5.0)	(37, 2.0)	(38, 15.0)	(39, 52.0)	(40, 5.0)	(41, 8.0)	(42, 40.0)	(43, 40.0)	(44, 7.0)	(45, 91.0)	(47, 1.0)	(48, 5.0)	(50, 2.0)	(52, 2.0)	(59, 1.0)	(81, 1.0)	(91, 1.0)											
highN4A1 - Adapter 1	(6, 0.02388388756200625)	(7, 0.14695077149155034)	(8, 3.5)	(9, 5.647058823529412)	(10, 458.0952380952381)	(11, 7624.0)	(12, 724190.0)	(13, 135880.0)	(14, 171282.0)	(15, 132666.0)	(16, 109004.0)	(17, 1420.0)	(18, 53.0)	(19, 15.0)	(20, 95.0)	(21, 12.0)	(22, 11.0)	(23, 11.0)	(26, 1.0)	(27, 3.0)	(28, 3.0)	(29, 1.0)	(30, 1.0)	(31, 5.0)	(32, 4.0)	(33, 2.0)	(34, 2.0)	(35, 6.0)	(36, 2.0)	(37, 17.0)	(38, 12.0)	(39, 12.0)	(40, 8.0)	(41, 75.0)	(42, 173.0)	(43, 111.0)	(44, 83.0)	(45, 176.0)	(47, 12.0)	(48, 11.0)	(49, 1.0)	(50, 3.0)	(51, 1.0)	(54, 3.0)	(57, 1.0)	(58, 1.0)	(60, 1.0)	(70, 1.0)	(88, 1.0)	(91, 3.0)				
highN4A2 - Adapter 1	(6, 0.011235955056179775)	(7, 0.1797752808988764)	(8, 3.353293413173653)	(9, 5.903614457831325)	(10, 477.6190476190476)	(11, 7324.0)	(12, 692800.0)	(13, 136064.0)	(14, 170537.0)	(15, 132844.0)	(16, 111821.0)	(17, 1357.0)	(18, 56.0)	(19, 8.0)	(20, 68.0)	(21, 6.0)	(22, 11.0)	(23, 2.0)	(26, 1.0)	(27, 1.0)	(29, 4.0)	(30, 1.0)	(31, 3.0)	(32, 5.0)	(33, 1.0)	(35, 12.0)	(37, 23.0)	(38, 21.0)	(39, 11.0)	(40, 9.0)	(41, 94.0)	(42, 235.0)	(43, 171.0)	(44, 89.0)	(45, 222.0)	(46, 1.0)	(47, 3.0)	(48, 10.0)	(50, 2.0)	(53, 1.0)	(55, 1.0)	(57, 1.0)	(58, 1.0)	(59, 3.0)	(61, 1.0)									
highN4A3 - Adapter 1	(6, 0.029717682020802376)	(7, 0.09907529722589167)	(8, 3.905013192612137)	(9, 4.631578947368421)	(10, 419.1666666666667)	(11, 6991.666666666667)	(12, 805230.0)	(13, 152202.0)	(14, 190450.0)	(15, 146999.0)	(16, 122348.0)	(17, 1367.0)	(18, 42.0)	(19, 17.0)	(20, 52.0)	(21, 10.0)	(22, 14.0)	(23, 4.0)	(25, 2.0)	(27, 2.0)	(28, 5.0)	(29, 3.0)	(30, 1.0)	(31, 7.0)	(32, 1.0)	(35, 10.0)	(36, 1.0)	(37, 12.0)	(38, 15.0)	(39, 12.0)	(40, 6.0)	(41, 92.0)	(42, 226.0)	(43, 129.0)	(44, 103.0)	(45, 218.0)	(46, 1.0)	(47, 4.0)	(48, 14.0)	(50, 7.0)	(51, 2.0)	(52, 2.0)	(54, 2.0)	(57, 1.0)										
highN4A4 - Adapter 1	(6, 0.028409090909090908)	(7, 0.17045454545454544)	(8, 3.106060606060606)	(9, 7.373737373737374)	(10, 476.4)	(11, 7710.0)	(12, 427760.0)	(13, 162340.0)	(14, 208220.0)	(15, 154049.0)	(16, 129424.0)	(17, 1420.0)	(18, 63.0)	(19, 26.0)	(20, 41.0)	(21, 4.0)	(22, 12.0)	(23, 8.0)	(24, 1.0)	(25, 5.0)	(26, 1.0)	(28, 1.0)	(29, 3.0)	(31, 2.0)	(33, 2.0)	(35, 3.0)	(36, 2.0)	(37, 4.0)	(38, 14.0)	(39, 8.0)	(40, 4.0)	(41, 39.0)	(42, 90.0)	(43, 70.0)	(44, 27.0)	(45, 93.0)	(47, 1.0)	(48, 6.0)	(50, 3.0)	(51, 2.0)	(52, 1.0)													
highN4A5 - Adapter 1	(6, 0.021358393848782572)	(7, 0.12809564474807858)	(8, 3.0034129692832763)	(9, 4.657534246575342)	(10, 469.44444444444446)	(11, 6740.0)	(12, 623380.0)	(13, 119746.0)	(14, 151749.0)	(15, 115229.0)	(16, 95835.0)	(17, 1224.0)	(18, 56.0)	(19, 17.0)	(20, 64.0)	(21, 7.0)	(22, 8.0)	(23, 5.0)	(24, 1.0)	(27, 1.0)	(28, 2.0)	(29, 1.0)	(30, 1.0)	(31, 3.0)	(32, 2.0)	(33, 1.0)	(34, 1.0)	(35, 14.0)	(36, 2.0)	(37, 12.0)	(38, 18.0)	(39, 15.0)	(40, 7.0)	(41, 85.0)	(42, 182.0)	(43, 126.0)	(44, 66.0)	(45, 178.0)	(47, 4.0)	(48, 11.0)	(49, 2.0)	(50, 3.0)	(52, 1.0)	(53, 1.0)	(54, 1.0)	(60, 1.0)								
highN4A6 - Adapter 1	(6, 0.011196118678857996)	(7, 0.16417910447761194)	(8, 3.1044776119402986)	(9, 5.833333333333333)	(10, 444.2857142857143)	(11, 7356.0)	(12, 720510.0)	(13, 132712.0)	(14, 165119.0)	(15, 127269.0)	(16, 103223.0)	(17, 1318.0)	(18, 54.0)	(19, 12.0)	(20, 76.0)	(21, 14.0)	(22, 11.0)	(23, 5.0)	(25, 1.0)	(26, 2.0)	(27, 1.0)	(28, 2.0)	(29, 5.0)	(30, 2.0)	(31, 4.0)	(32, 1.0)	(33, 1.0)	(34, 1.0)	(35, 17.0)	(36, 1.0)	(37, 10.0)	(38, 16.0)	(39, 6.0)	(40, 6.0)	(41, 58.0)	(42, 129.0)	(43, 99.0)	(44, 66.0)	(45, 132.0)	(46, 2.0)	(47, 4.0)	(48, 7.0)	(50, 2.0)	(51, 3.0)	(52, 1.0)	(53, 1.0)	(55, 1.0)	(58, 2.0)	(59, 1.0)	(81, 1.0)				
highN4A7 - Adapter 1	(6, 0.028016109262826123)	(7, 0.11204481792717086)	(8, 3.8655462184873945)	(9, 6.629213483146067)	(10, 461.3636363636363)	(11, 6708.333333333334)	(12, 764470.0)	(13, 144941.0)	(14, 184435.0)	(15, 139552.0)	(16, 116345.0)	(17, 1320.0)	(18, 59.0)	(19, 19.0)	(20, 48.0)	(21, 7.0)	(22, 11.0)	(23, 13.0)	(24, 2.0)	(25, 2.0)	(26, 1.0)	(27, 1.0)	(28, 4.0)	(29, 1.0)	(30, 2.0)	(31, 3.0)	(32, 1.0)	(33, 3.0)	(34, 1.0)	(35, 4.0)	(36, 1.0)	(37, 16.0)	(38, 16.0)	(39, 12.0)	(40, 5.0)	(41, 91.0)	(42, 164.0)	(43, 128.0)	(44, 78.0)	(45, 186.0)	(47, 2.0)	(48, 7.0)	(49, 1.0)	(50, 1.0)	(51, 1.0)	(68, 1.0)								
highN4A8 - Adapter 1	(6, 0.018142235123367198)	(7, 0.1378809869375907)	(8, 2.9565217391304346)	(9, 6.744186046511628)	(10, 439.99999999999994)	(11, 7918.0)	(12, 737460.0)	(13, 139333.0)	(14, 177422.0)	(15, 134187.0)	(16, 112423.0)	(17, 1283.0)	(18, 60.0)	(19, 12.0)	(20, 35.0)	(21, 3.0)	(22, 3.0)	(23, 8.0)	(25, 2.0)	(27, 1.0)	(29, 1.0)	(31, 4.0)	(32, 1.0)	(35, 5.0)	(36, 1.0)	(37, 6.0)	(38, 5.0)	(39, 5.0)	(40, 5.0)	(41, 30.0)	(42, 74.0)	(43, 58.0)	(44, 14.0)	(45, 72.0)	(47, 2.0)	(48, 3.0)	(49, 1.0)	(50, 4.0)																
highN4B1 - Adapter 1	(6, 0.0347758887171561)	(7, 0.2241112828438949)	(8, 4.84567901234568)	(9, 5.432098765432099)	(10, 494.5)	(11, 9188.0)	(12, 668620.0)	(13, 156240.0)	(14, 215263.0)	(15, 145547.0)	(16, 134725.0)	(17, 1564.0)	(18, 51.0)	(19, 14.0)	(20, 25.0)	(22, 10.0)	(23, 10.0)	(25, 3.0)	(28, 1.0)	(29, 1.0)	(34, 1.0)	(38, 1.0)	(40, 2.0)	(41, 2.0)	(42, 5.0)	(43, 6.0)	(44, 14.0)	(45, 8.0)	(50, 1.0)																									
highN4B2 - Adapter 1	(6, 0.042509777248767214)	(7, 0.25170068027210885)	(8, 5.135869565217392)	(9, 7.173913043478262)	(10, 467.82608695652175)	(11, 8765.0)	(12, 756040.0)	(13, 178572.0)	(14, 247048.0)	(15, 167787.0)	(16, 156197.0)	(17, 1817.0)	(18, 49.0)	(19, 22.0)	(20, 46.0)	(21, 9.0)	(22, 13.0)	(23, 12.0)	(25, 6.0)	(26, 1.0)	(27, 4.0)	(28, 1.0)	(29, 2.0)	(31, 6.0)	(32, 3.0)	(33, 6.0)	(34, 17.0)	(35, 7.0)	(36, 1.0)	(37, 10.0)	(38, 15.0)	(39, 15.0)	(40, 84.0)	(41, 108.0)	(42, 208.0)	(43, 210.0)	(44, 177.0)	(45, 279.0)	(46, 2.0)	(47, 5.0)	(48, 10.0)	(50, 2.0)	(51, 3.0)	(53, 2.0)	(54, 1.0)	(55, 1.0)	(57, 1.0)	(59, 1.0)	(69, 1.0)					
highN4B3 - Adapter 1	(6, 0.03767660910518053)	(7, 0.2763819095477387)	(8, 4.346733668341709)	(9, 6.7)	(10, 485.6)	(11, 9203.333333333334)	(12, 410575.0)	(13, 190444.0)	(14, 262326.0)	(15, 178556.0)	(16, 163954.0)	(17, 2173.0)	(18, 38.0)	(19, 26.0)	(20, 75.0)	(21, 19.0)	(22, 18.0)	(23, 11.0)	(24, 1.0)	(25, 2.0)	(26, 2.0)	(28, 1.0)	(29, 3.0)	(31, 4.0)	(32, 2.0)	(34, 10.0)	(35, 4.0)	(37, 6.0)	(38, 15.0)	(39, 11.0)	(40, 57.0)	(41, 96.0)	(42, 151.0)	(43, 138.0)	(44, 123.0)	(45, 202.0)	(46, 4.0)	(47, 4.0)	(48, 11.0)	(50, 6.0)	(51, 2.0)	(52, 1.0)	(53, 1.0)	(58, 1.0)	(93, 2.0)									
highN4B4 - Adapter 1	(6, 0.039773596450971394)	(7, 0.2876376988984088)	(8, 5.330073349633252)	(9, 9.411764705882353)	(10, 538.8461538461538)	(11, 9913.333333333334)	(12, 426570.0)	(13, 201053.0)	(14, 281412.0)	(15, 184720.0)	(16, 169716.0)	(17, 2285.0)	(18, 65.0)	(19, 21.0)	(20, 97.0)	(21, 18.0)	(22, 17.0)	(23, 7.0)	(27, 1.0)	(28, 1.0)	(29, 1.0)	(30, 1.0)	(31, 4.0)	(32, 5.0)	(33, 5.0)	(34, 16.0)	(35, 3.0)	(36, 1.0)	(37, 8.0)	(38, 11.0)	(39, 13.0)	(40, 74.0)	(41, 124.0)	(42, 185.0)	(43, 186.0)	(44, 175.0)	(45, 217.0)	(46, 2.0)	(47, 2.0)	(48, 5.0)	(50, 3.0)	(51, 4.0)	(52, 1.0)	(54, 1.0)	(55, 1.0)	(57, 1.0)	(59, 1.0)	(68, 1.0)	(94, 1.0)					
highN4B5 - Adapter 1	(6, 0.0395536092668456)	(7, 0.288135593220339)	(8, 5.271493212669683)	(9, 8.198198198198199)	(10, 505.00000000000006)	(11, 9222.857142857143)	(12, 462780.0)	(13, 215212.0)	(14, 302382.0)	(15, 198802.0)	(16, 186651.0)	(17, 2073.0)	(18, 61.0)	(19, 20.0)	(20, 48.0)	(21, 7.0)	(22, 14.0)	(23, 12.0)	(24, 3.0)	(25, 3.0)	(26, 2.0)	(28, 1.0)	(29, 3.0)	(31, 5.0)	(32, 2.0)	(33, 1.0)	(34, 9.0)	(35, 1.0)	(37, 5.0)	(38, 12.0)	(39, 14.0)	(40, 40.0)	(41, 66.0)	(42, 104.0)	(43, 91.0)	(44, 93.0)	(45, 111.0)	(47, 1.0)	(48, 4.0)	(50, 2.0)	(52, 1.0)	(54, 1.0)	(56, 1.0)	(57, 1.0)	(61, 2.0)									
highN4B6 - Adapter 1	(6, 0.03524850193866761)	(7, 0.2538787023977433)	(8, 4.957746478873239)	(9, 6.629213483146067)	(10, 530.4545454545454)	(11, 8146.666666666667)	(12, 747090.0)	(13, 168600.0)	(14, 231307.0)	(15, 156045.0)	(16, 139088.0)	(17, 1681.0)	(18, 59.0)	(19, 18.0)	(20, 43.0)	(21, 16.0)	(22, 21.0)	(23, 8.0)	(24, 1.0)	(25, 3.0)	(27, 1.0)	(28, 1.0)	(29, 2.0)	(30, 3.0)	(31, 12.0)	(32, 7.0)	(33, 13.0)	(34, 26.0)	(35, 17.0)	(36, 2.0)	(37, 16.0)	(38, 49.0)	(39, 38.0)	(40, 174.0)	(41, 276.0)	(42, 450.0)	(43, 457.0)	(44, 450.0)	(45, 564.0)	(46, 2.0)	(47, 4.0)	(48, 22.0)	(49, 1.0)	(50, 3.0)	(51, 5.0)	(52, 1.0)	(53, 2.0)	(54, 3.0)	(55, 1.0)	(60, 1.0)	(79, 1.0)	(91, 1.0)	(93, 2.0)	(95, 1.0)
highN4B7 - Adapter 1	(6, 0.02104581512060871)	(7, 0.24611398963730569)	(8, 4.896373056994818)	(9, 8.556701030927835)	(10, 516.25)	(11, 8726.666666666668)	(12, 401510.0)	(13, 185252.0)	(14, 257064.0)	(15, 173496.0)	(16, 158063.0)	(17, 2138.0)	(18, 56.0)	(19, 12.0)	(20, 69.0)	(21, 18.0)	(22, 18.0)	(23, 9.0)	(25, 2.0)	(28, 3.0)	(29, 3.0)	(31, 8.0)	(32, 4.0)	(33, 2.0)	(34, 23.0)	(35, 8.0)	(36, 3.0)	(37, 11.0)	(38, 22.0)	(39, 24.0)	(40, 73.0)	(41, 125.0)	(42, 223.0)	(43, 240.0)	(44, 210.0)	(45, 287.0)	(47, 7.0)	(48, 20.0)	(49, 2.0)	(50, 3.0)	(51, 2.0)	(52, 3.0)	(54, 2.0)	(55, 1.0)	(57, 3.0)	(58, 1.0)	(59, 2.0)	(67, 1.0)	(90, 1.0)	(91, 2.0)	(93, 3.0)			
highN4B8 - Adapter 1	(6, 0.05157297576070139)	(7, 0.2544704264099037)	(8, 4.835164835164836)	(9, 8.571428571428571)	(10, 509.13043478260875)	(11, 8610.0)	(12, 746080.0)	(13, 175814.0)	(14, 243747.0)	(15, 164663.0)	(16, 153140.0)	(17, 1989.0)	(18, 41.0)	(19, 15.0)	(20, 90.0)	(21, 14.0)	(22, 26.0)	(23, 8.0)	(27, 2.0)	(28, 1.0)	(29, 3.0)	(30, 2.0)	(31, 4.0)	(32, 1.0)	(33, 2.0)	(34, 24.0)	(35, 7.0)	(37, 10.0)	(38, 26.0)	(39, 26.0)	(40, 90.0)	(41, 141.0)	(42, 204.0)	(43, 233.0)	(44, 228.0)	(45, 299.0)	(46, 5.0)	(47, 4.0)	(48, 9.0)	(50, 3.0)	(51, 3.0)	(52, 1.0)	(53, 1.0)	(58, 1.0)	(59, 1.0)	(61, 1.0)	(93, 4.0)							
highN4C1 - Adapter 1	(6, 0.04177261169633127)	(7, 0.15976761074800291)	(8, 4.215116279069767)	(9, 5.116279069767442)	(10, 491.3636363636363)	(11, 9952.0)	(12, 756250.0)	(13, 155079.0)	(14, 212227.0)	(15, 155492.0)	(16, 154307.0)	(17, 1698.0)	(18, 65.0)	(19, 8.0)	(20, 56.0)	(21, 10.0)	(22, 12.0)	(23, 5.0)	(27, 1.0)	(28, 1.0)	(29, 2.0)	(30, 2.0)	(31, 3.0)	(32, 1.0)	(33, 3.0)	(34, 11.0)	(35, 39.0)	(36, 6.0)	(37, 14.0)	(38, 4.0)	(39, 13.0)	(40, 38.0)	(41, 265.0)	(42, 42.0)	(43, 176.0)	(44, 145.0)	(45, 211.0)	(47, 4.0)	(48, 5.0)	(49, 1.0)	(50, 4.0)	(52, 1.0)	(54, 1.0)	(57, 1.0)	(58, 1.0)	(61, 1.0)	(66, 1.0)							
highN4C2 - Adapter 1	(6, 0.04531195538515163)	(7, 0.1951219512195122)	(8, 4.428969359331476)	(9, 5.333333333333333)	(10, 481.3636363636363)	(11, 8761.666666666668)	(12, 797790.0)	(13, 162026.0)	(14, 224021.0)	(15, 160546.0)	(16, 160764.0)	(17, 1592.0)	(18, 81.0)	(19, 8.0)	(20, 27.0)	(21, 9.0)	(22, 8.0)	(23, 5.0)	(25, 4.0)	(27, 1.0)	(29, 3.0)	(31, 2.0)	(32, 2.0)	(34, 9.0)	(35, 36.0)	(36, 10.0)	(37, 16.0)	(38, 7.0)	(39, 10.0)	(40, 33.0)	(41, 253.0)	(42, 36.0)	(43, 176.0)	(44, 131.0)	(45, 185.0)	(46, 3.0)	(47, 6.0)	(48, 6.0)	(50, 2.0)	(51, 1.0)	(53, 1.0)	(56, 1.0)												
highN4C3 - Adapter 1	(6, 0.01987281399046105)	(7, 0.14308426073131955)	(8, 4.0)	(9, 5.443037974683544)	(10, 508.0)	(11, 9086.0)	(12, 683990.0)	(13, 139023.0)	(14, 189667.0)	(15, 141698.0)	(16, 140660.0)	(17, 1505.0)	(18, 70.0)	(19, 12.0)	(20, 70.0)	(21, 14.0)	(22, 19.0)	(23, 11.0)	(27, 2.0)	(28, 2.0)	(29, 3.0)	(30, 1.0)	(31, 6.0)	(32, 1.0)	(34, 25.0)	(35, 62.0)	(36, 10.0)	(37, 15.0)	(38, 2.0)	(39, 17.0)	(40, 60.0)	(41, 428.0)	(42, 60.0)	(43, 315.0)	(44, 238.0)	(45, 364.0)	(46, 2.0)	(47, 11.0)	(48, 13.0)	(49, 1.0)	(50, 4.0)	(51, 4.0)	(52, 2.0)	(53, 1.0)	(54, 1.0)	(55, 1.0)	(61, 1.0)	(91, 1.0)						
highN4C4 - Adapter 1	(6, 0.018952446588559616)	(7, 0.17918676774638181)	(8, 4.600550964187328)	(9, 6.483516483516484)	(10, 488.26086956521743)	(11, 9183.333333333334)	(12, 791740.0)	(13, 168301.0)	(14, 231700.0)	(15, 164630.0)	(16, 168065.0)	(17, 1774.0)	(18, 70.0)	(19, 19.0)	(20, 38.0)	(21, 9.0)	(22, 13.0)	(23, 3.0)	(25, 1.0)	(29, 3.0)	(30, 1.0)	(31, 2.0)	(33, 1.0)	(34, 5.0)	(35, 40.0)	(36, 10.0)	(37, 26.0)	(38, 4.0)	(39, 6.0)	(40, 68.0)	(41, 347.0)	(42, 46.0)	(43, 298.0)	(44, 185.0)	(45, 311.0)	(46, 1.0)	(47, 8.0)	(48, 13.0)	(50, 2.0)	(51, 6.0)	(52, 2.0)													
highN4C5 - Adapter 1	(6, 0.025028879476318832)	(7, 0.16936104695919937)	(8, 4.7384615384615385)	(9, 4.691358024691358)	(10, 494.0)	(11, 9368.0)	(12, 704110.0)	(13, 146038.0)	(14, 201740.0)	(15, 146840.0)	(16, 147814.0)	(17, 1526.0)	(18, 65.0)	(19, 13.0)	(20, 39.0)	(21, 15.0)	(22, 15.0)	(23, 6.0)	(25, 2.0)	(26, 3.0)	(27, 1.0)	(29, 3.0)	(30, 1.0)	(31, 9.0)	(32, 2.0)	(33, 2.0)	(34, 13.0)	(35, 61.0)	(36, 10.0)	(37, 22.0)	(38, 6.0)	(39, 14.0)	(40, 77.0)	(41, 469.0)	(42, 67.0)	(43, 294.0)	(44, 246.0)	(45, 406.0)	(46, 1.0)	(47, 9.0)	(48, 11.0)	(50, 4.0)	(51, 1.0)	(52, 1.0)	(57, 2.0)	(60, 1.0)	(64, 1.0)							
highN4C6 - Adapter 1	(6, 0.018819101387908727)	(7, 0.18814675446848542)	(8, 4.135338345864661)	(9, 4.545454545454546)	(10, 472.94117647058823)	(11, 9532.5)	(12, 590830.0)	(13, 119417.0)	(14, 162345.0)	(15, 118649.0)	(16, 116117.0)	(17, 1140.0)	(18, 66.0)	(19, 3.0)	(20, 19.0)	(21, 1.0)	(22, 5.0)	(23, 7.0)	(24, 1.0)	(25, 2.0)	(27, 2.0)	(30, 1.0)	(37, 1.0)	(39, 1.0)	(41, 8.0)	(42, 2.0)	(43, 7.0)	(44, 3.0)	(45, 2.0)	(48, 1.0)	(66, 1.0)																							
highN4C7 - Adapter 1	(6, 0.01644436323771241)	(7, 0.14619883040935672)	(8, 4.152046783625731)	(9, 4.883720930232558)	(10, 501.4285714285714)	(11, 9810.0)	(12, 745170.0)	(13, 153472.0)	(14, 209470.0)	(15, 154526.0)	(16, 155610.0)	(17, 1834.0)	(18, 72.0)	(19, 14.0)	(20, 75.0)	(21, 14.0)	(22, 19.0)	(23, 7.0)	(25, 1.0)	(27, 3.0)	(28, 1.0)	(29, 2.0)	(31, 5.0)	(32, 2.0)	(33, 2.0)	(34, 14.0)	(35, 51.0)	(36, 11.0)	(37, 20.0)	(38, 7.0)	(39, 9.0)	(40, 80.0)	(41, 438.0)	(42, 55.0)	(43, 307.0)	(44, 182.0)	(45, 303.0)	(47, 5.0)	(48, 18.0)	(50, 8.0)	(51, 3.0)	(52, 4.0)	(54, 2.0)	(56, 3.0)	(60, 1.0)	(93, 1.0)	(94, 1.0)							
highN4C8 - Adapter 1	(6, 0.02095238095238095)	(7, 0.18278750952018277)	(8, 3.353658536585366)	(9, 7.073170731707318)	(10, 483.8095238095238)	(11, 9712.0)	(12, 725770.0)	(13, 146254.0)	(14, 201210.0)	(15, 146587.0)	(16, 146747.0)	(17, 1480.0)	(18, 62.0)	(19, 14.0)	(20, 33.0)	(21, 8.0)	(22, 10.0)	(23, 3.0)	(24, 1.0)	(25, 3.0)	(27, 2.0)	(28, 1.0)	(29, 3.0)	(30, 1.0)	(31, 3.0)	(32, 2.0)	(34, 11.0)	(35, 50.0)	(36, 7.0)	(37, 21.0)	(38, 4.0)	(39, 12.0)	(40, 52.0)	(41, 311.0)	(42, 35.0)	(43, 233.0)	(44, 160.0)	(45, 227.0)	(46, 3.0)	(47, 5.0)	(48, 12.0)	(49, 1.0)	(50, 3.0)	(51, 3.0)	(55, 1.0)	(61, 1.0)								
highN4D1 - Adapter 1	(6, 0.03385813441679363)	(7, 0.2911306702775897)	(8, 5.284552845528456)	(9, 6.521739130434783)	(10, 495.21739130434787)	(11, 9311.666666666668)	(12, 848330.0)	(13, 185641.0)	(14, 217314.0)	(15, 164399.0)	(16, 160849.0)	(17, 1637.0)	(18, 109.0)	(19, 13.0)	(20, 35.0)	(21, 7.0)	(22, 7.0)	(23, 6.0)	(24, 1.0)	(25, 5.0)	(27, 2.0)	(28, 3.0)	(29, 3.0)	(30, 1.0)	(31, 2.0)	(32, 2.0)	(33, 1.0)	(34, 6.0)	(35, 13.0)	(36, 4.0)	(37, 10.0)	(38, 26.0)	(39, 13.0)	(40, 30.0)	(41, 385.0)	(42, 40.0)	(43, 295.0)	(44, 156.0)	(45, 268.0)	(46, 1.0)	(47, 7.0)	(48, 11.0)	(50, 4.0)	(51, 1.0)	(52, 4.0)	(56, 1.0)	(57, 1.0)	(59, 2.0)	(64, 1.0)	(91, 2.0)				
highN4D2 - Adapter 1	(6, 0.036918946131901324)	(7, 0.21476510067114093)	(8, 4.784946236559139)	(9, 5.698924731182795)	(10, 563.4782608695652)	(11, 9390.0)	(12, 839990.0)	(13, 189178.0)	(14, 220840.0)	(15, 167916.0)	(16, 163307.0)	(17, 1983.0)	(18, 105.0)	(19, 12.0)	(20, 85.0)	(21, 10.0)	(22, 13.0)	(23, 2.0)	(27, 1.0)	(28, 1.0)	(29, 3.0)	(31, 2.0)	(32, 3.0)	(33, 3.0)	(34, 9.0)	(35, 15.0)	(36, 2.0)	(37, 19.0)	(38, 29.0)	(39, 14.0)	(40, 31.0)	(41, 525.0)	(42, 42.0)	(43, 346.0)	(44, 184.0)	(45, 347.0)	(46, 3.0)	(47, 7.0)	(48, 27.0)	(49, 2.0)	(50, 5.0)	(51, 6.0)	(52, 2.0)	(53, 2.0)	(54, 1.0)	(59, 4.0)	(91, 1.0)	(93, 1.0)						
highN4D3 - Adapter 1	(6, 0.03706199460916442)	(7, 0.2223719676549865)	(8, 4.716981132075471)	(9, 6.666666666666666)	(10, 497.3913043478261)	(11, 9386.666666666668)	(12, 854570.0)	(13, 185724.0)	(14, 215229.0)	(15, 163076.0)	(16, 159755.0)	(17, 1475.0)	(18, 86.0)	(19, 15.0)	(20, 27.0)	(21, 8.0)	(22, 6.0)	(23, 6.0)	(25, 5.0)	(26, 1.0)	(27, 2.0)	(28, 2.0)	(29, 1.0)	(31, 1.0)	(32, 1.0)	(33, 2.0)	(34, 2.0)	(35, 13.0)	(36, 1.0)	(37, 15.0)	(38, 18.0)	(39, 11.0)	(40, 33.0)	(41, 348.0)	(42, 38.0)	(43, 234.0)	(44, 141.0)	(45, 281.0)	(46, 1.0)	(47, 4.0)	(48, 4.0)	(49, 2.0)	(50, 2.0)	(51, 2.0)	(53, 2.0)	(55, 1.0)								
highN4D4 - Adapter 1	(6, 0.03257328990228013)	(7, 0.27586206896551724)	(8, 5.306748466257669)	(9, 6.341463414634147)	(10, 556.5)	(11, 10240.0)	(12, 745760.0)	(13, 168917.0)	(14, 200082.0)	(15, 147667.0)	(16, 144950.0)	(17, 1659.0)	(18, 75.0)	(19, 14.0)	(20, 56.0)	(21, 9.0)	(22, 10.0)	(23, 2.0)	(25, 1.0)	(26, 2.0)	(27, 2.0)	(28, 1.0)	(30, 1.0)	(31, 3.0)	(32, 1.0)	(33, 4.0)	(34, 3.0)	(35, 13.0)	(36, 2.0)	(37, 20.0)	(38, 36.0)	(39, 13.0)	(40, 42.0)	(41, 550.0)	(42, 54.0)	(43, 425.0)	(44, 247.0)	(45, 438.0)	(46, 3.0)	(47, 4.0)	(48, 8.0)	(50, 8.0)	(51, 1.0)	(52, 7.0)	(54, 1.0)	(55, 1.0)	(57, 1.0)	(58, 1.0)	(59, 1.0)	(62, 1.0)	(93, 1.0)			
highN4D5 - Adapter 1	(6, 0.03397508493771235)	(7, 0.19637462235649547)	(8, 5.5589123867069485)	(9, 6.385542168674698)	(10, 540.4761904761905)	(11, 9976.0)	(12, 760800.0)	(13, 167967.0)	(14, 196807.0)	(15, 147439.0)	(16, 142394.0)	(17, 1521.0)	(18, 88.0)	(19, 14.0)	(20, 61.0)	(21, 11.0)	(22, 14.0)	(23, 8.0)	(28, 2.0)	(29, 1.0)	(30, 1.0)	(31, 5.0)	(32, 5.0)	(33, 2.0)	(34, 5.0)	(35, 14.0)	(36, 2.0)	(37, 11.0)	(38, 22.0)	(39, 15.0)	(40, 32.0)	(41, 620.0)	(42, 54.0)	(43, 370.0)	(44, 202.0)	(45, 396.0)	(46, 5.0)	(47, 9.0)	(48, 21.0)	(49, 2.0)	(50, 4.0)	(51, 1.0)	(52, 2.0)	(53, 1.0)	(57, 1.0)	(59, 3.0)	(60, 2.0)	(61, 2.0)						
highN4D6 - Adapter 1	(6, 0.04277478147665984)	(7, 0.3050595238095238)	(8, 5.089285714285714)	(9, 4.8809523809523805)	(10, 519.047619047619)	(11, 10018.0)	(12, 785170.0)	(13, 169088.0)	(14, 195089.0)	(15, 148704.0)	(16, 141190.0)	(17, 1669.0)	(18, 95.0)	(19, 6.0)	(20, 58.0)	(21, 6.0)	(22, 11.0)	(23, 6.0)	(24, 1.0)	(25, 1.0)	(28, 2.0)	(29, 1.0)	(32, 2.0)	(33, 1.0)	(34, 1.0)	(35, 1.0)	(37, 9.0)	(38, 7.0)	(39, 8.0)	(40, 5.0)	(41, 134.0)	(42, 8.0)	(43, 84.0)	(44, 65.0)	(45, 92.0)	(46, 1.0)	(47, 3.0)	(48, 7.0)	(49, 1.0)	(50, 2.0)	(59, 1.0)	(60, 1.0)												
