Sample	0	1	2	3	4	5	6	7	8	9	10	11	12	13	14	15
LD1A1	(1.0, 55.37117091359875)	(2.0, 0.8581380258880793)	(3.0, 0.5404744141385808)	(4.0, 0.47356504014072687)	(5.0, 0.44750415814171624)	(6.0, 0.4212741469031062)	(7.0, 0.3981947232710861)	(8.0, 0.4069097557403799)	(9.0, 0.3902568672588247)	('>10', 13.634395749930913)	('>50', 10.238893868736081)	('>100', 14.341453715647528)	('>500', 0.9702800691537847)	('>1k', 0.906466501263347)	('>5k', 0.29878729794304365)	('>10k+', 0.30223475224412916)
LD1A2	(1.0, 59.89063946598204)	(2.0, 0.8578207589826584)	(3.0, 0.5035692002255521)	(4.0, 0.4605386792241539)	(5.0, 0.42201126935714156)	(6.0, 0.3865230787780295)	(7.0, 0.3960545558883419)	(8.0, 0.35297453776636945)	(9.0, 0.32441657257203155)	('>10', 12.006510771049589)	('>50', 9.186764174430268)	('>100', 12.566072258362166)	('>500', 0.997320847898743)	('>1k', 1.268772769240113)	('>5k', 0.11781662275270455)	('>10k+', 0.2621944374900467)
LD1A3	(1.0, 62.644180264031746)	(2.0, 1.0378585518798733)	(3.0, 0.6644643340382791)	(4.0, 0.5686902594865934)	(5.0, 0.5085870162914062)	(6.0, 0.5468713574411421)	(7.0, 0.5342264060631488)	(8.0, 0.4927444662671765)	(9.0, 0.45067003350508494)	('>10', 14.010491239597975)	('>50', 7.830672295645283)	('>100', 8.280763207314601)	('>500', 0.6701205415099389)	('>1k', 1.2323249435817178)	('>5k', 0.527335083346025)	('>10k+', 0.0)
LD1A4	(1.0, 64.13615127074608)	(2.0, 1.2064268533195035)	(3.0, 0.5766476081210855)	(4.0, 0.5402918503796061)	(5.0, 0.44254410793978394)	(6.0, 0.4572142747050924)	(7.0, 0.4412218471447481)	(8.0, 0.4022941379494165)	(9.0, 0.39945134434099094)	('>10', 11.318935123423003)	('>50', 6.8098803885708215)	('>100', 8.993264253220676)	('>500', 0.8785145718242127)	('>1k', 1.7690997981805603)	('>5k', 0.79987910343056)	('>10k+', 0.8281834667039056)
LD1A5	(1.0, 56.56280550509193)	(2.0, 2.8221812014990633)	(3.0, 1.529703660613353)	(4.0, 1.0866289694366225)	(5.0, 0.8815742165165336)	(6.0, 0.7663054278244817)	(7.0, 0.694131400330398)	(8.0, 0.6178262234192105)	(9.0, 0.5483097741870863)	('>10', 9.868820032863376)	('>50', 4.207582964986102)	('>100', 6.38823921984186)	('>500', 0.9718880818467212)	('>1k', 2.5744259330560513)	('>5k', 0.7670140648341808)	('>10k+', 9.712563323652983)
LD1A6	(1.0, 58.91930437706164)	(2.0, 0.8786183488161828)	(3.0, 0.5022494684434161)	(4.0, 0.4453973852531214)	(5.0, 0.42220226041725123)	(6.0, 0.40573657752824477)	(7.0, 0.41498411060834367)	(8.0, 0.3684299598860551)	(9.0, 0.35797441026951293)	('>10', 12.407151261049929)	('>50', 9.417589134502306)	('>100', 13.226532852458279)	('>500', 0.9407545393157533)	('>1k', 0.8960225943990443)	('>5k', 0.11629852007503355)	('>10k+', 0.2807541999158748)
LD1A7	(1.0, 65.89355528921999)	(2.0, 1.1179239094905373)	(3.0, 0.713875677193436)	(4.0, 0.6054419680880976)	(5.0, 0.5911124876022402)	(6.0, 0.6016608216790897)	(7.0, 0.5724444790784932)	(8.0, 0.5090772590992142)	(9.0, 0.514358389206524)	('>10', 13.716516881962393)	('>50', 6.806148199890627)	('>100', 6.563187905202433)	('>500', 0.5867410475517257)	('>1k', 0.9494175629731989)	('>5k', 0.25853812176201973)	('>10k+', 0.0)
LD1B1	(1.0, 54.32721207049062)	(2.0, 0.9220139287044786)	(3.0, 0.6073872545500532)	(4.0, 0.5735925230047433)	(5.0, 0.5567119924705558)	(6.0, 0.5479235026616377)	(7.0, 0.5124548313334736)	(8.0, 0.4607614244795814)	(9.0, 0.45482080191963553)	('>10', 17.148575491149177)	('>50', 10.753934153210361)	('>100', 11.049775670700926)	('>500', 0.8114392552227163)	('>1k', 0.7616872086979943)	('>5k', 0.5117098914040308)	('>10k+', 0.0)
LD1B2	(1.0, 58.56920126955241)	(2.0, 1.0580178267163618)	(3.0, 0.6809308601157178)	(4.0, 0.5880757037163927)	(5.0, 0.5077228079586248)	(6.0, 0.5051275640728803)	(7.0, 0.4824086360795868)	(8.0, 0.4447219611097646)	(9.0, 0.46446598498674124)	('>10', 14.688723608250342)	('>50', 9.06554226338577)	('>100', 9.75735653407383)	('>500', 0.7696839750528219)	('>1k', 1.1561334460059232)	('>5k', 0.6030807333987761)	('>10k+', 0.658806825524039)
LD1B3	(1.0, 62.262946446822895)	(2.0, 1.081482972386168)	(3.0, 0.625816640908406)	(4.0, 0.5574574670545076)	(5.0, 0.5092272541786806)	(6.0, 0.5996441643663575)	(7.0, 0.5528080006379118)	(8.0, 0.4841923063279401)	(9.0, 0.4835970469804958)	('>10', 14.445541534862324)	('>50', 8.017572004122933)	('>100', 8.4902436900919)	('>500', 0.688916921299719)	('>1k', 0.756513195865071)	('>5k', 0.17626741470846713)	('>10k+', 0.26777293938624847)
LD1B4	(1.0, 53.88850884914)	(2.0, 2.6491645077542447)	(3.0, 1.4557697423423896)	(4.0, 1.1002870480681202)	(5.0, 0.8969322658710921)	(6.0, 0.7837798076626712)	(7.0, 0.6969060943700853)	(8.0, 0.6425833651423913)	(9.0, 0.596962441560524)	('>10', 10.330812175988473)	('>50', 4.28875553523186)	('>100', 6.038259857490971)	('>500', 0.9971376888112263)	('>1k', 2.2948474109661774)	('>5k', 1.0941595895933471)	('>10k+', 12.245133620006403)
LD1B5	(1.0, 64.11947991362315)	(2.0, 1.4112697962165972)	(3.0, 0.7396264747402519)	(4.0, 0.6479090942830912)	(5.0, 0.5907298187618737)	(6.0, 0.5858974858829678)	(7.0, 0.5254460540788952)	(8.0, 0.545707822318572)	(9.0, 0.5028686995090654)	('>10', 12.979488228453562)	('>50', 6.636821848883321)	('>100', 7.079773308088469)	('>500', 0.7904871522787802)	('>1k', 1.667203974837268)	('>5k', 0.5233842000008887)	('>10k+', 0.6539061280431708)
LD1B6	(1.0, 58.29758617555431)	(2.0, 0.9597648317033719)	(3.0, 0.5903420907082919)	(4.0, 0.5457212915374092)	(5.0, 0.48368637837530115)	(6.0, 0.46310326771786703)	(7.0, 0.4690028867165067)	(8.0, 0.45495671848657426)	(9.0, 0.41999111987043086)	('>10', 13.916752074798469)	('>50', 9.510816072737983)	('>100', 10.873034092957964)	('>500', 0.9353187334961081)	('>1k', 1.4697167343906434)	('>5k', 0.6102075309487224)	('>10k+', 0.0)
LD1B7	(1.0, 65.36070064230374)	(2.0, 1.0787716170634916)	(3.0, 0.6407045159368399)	(4.0, 0.5724745754662192)	(5.0, 0.5473119943573079)	(6.0, 0.529339717743925)	(7.0, 0.4786373012779401)	(8.0, 0.5135761194315558)	(9.0, 0.4758962639669425)	('>10', 13.162908248882827)	('>50', 7.283416879765303)	('>100', 7.351925205010333)	('>500', 0.5353130811649424)	('>1k', 1.2060828809182982)	('>5k', 0.0)	('>10k+', 0.26294095671033463)
LD1C1	(1.0, 58.93989145619835)	(2.0, 0.797754735611254)	(3.0, 0.41749422581217904)	(4.0, 0.3915669120590803)	(5.0, 0.33400269036645364)	(6.0, 0.29710708215854026)	(7.0, 0.29837482501102586)	(8.0, 0.3375889245917416)	(9.0, 0.31704935101519677)	('>10', 10.843912085437314)	('>50', 9.142637850266219)	('>100', 14.246198750065151)	('>500', 1.301635954814903)	('>1k', 1.4230608332590868)	('>5k', 0.3512881230197029)	('>10k+', 0.5604362003138441)
LD1C10	(1.0, 56.21815439212061)	(2.0, 2.8439122887425587)	(3.0, 1.5232943565215933)	(4.0, 1.0856551259357388)	(5.0, 0.8538381728707267)	(6.0, 0.7522692559456305)	(7.0, 0.6931700229751889)	(8.0, 0.5972301843846534)	(9.0, 0.5393141729786244)	('>10', 9.243832257017822)	('>50', 3.7460303883140367)	('>100', 5.885336612546432)	('>500', 1.0850935658587189)	('>1k', 1.9393623647102107)	('>5k', 1.1061946893433527)	('>10k+', 11.887312149734116)
LD1C2	(1.0, 59.55457919399462)	(2.0, 1.0537521644127261)	(3.0, 0.5805273738740805)	(4.0, 0.5404154575307072)	(5.0, 0.4565546755146048)	(6.0, 0.4264315966315995)	(7.0, 0.4149295104691557)	(8.0, 0.4255272567238742)	(9.0, 0.4037016445145721)	('>10', 12.793392311046556)	('>50', 8.633294148341918)	('>100', 10.969689699940753)	('>500', 0.8817769524457335)	('>1k', 1.92512604314568)	('>5k', 0.48481216121493803)	('>10k+', 0.45548981019843265)
LD1C3	(1.0, 63.966430794955265)	(2.0, 0.8883464512026087)	(3.0, 0.48543373568904724)	(4.0, 0.3881382754151331)	(5.0, 0.35659136323793744)	(6.0, 0.4028519616388057)	(7.0, 0.3891339525468245)	(8.0, 0.3723229288435839)	(9.0, 0.3486946669876316)	('>10', 11.529508589757304)	('>50', 7.685744576823272)	('>100', 11.091138143392934)	('>500', 0.7789735387882765)	('>1k', 0.9016010372710018)	('>5k', 0.1458813352241912)	('>10k+', 0.2692086482262213)
LD1C4	(1.0, 62.36126601161507)	(2.0, 1.6022852366328302)	(3.0, 0.9043892604882235)	(4.0, 0.685385751399503)	(5.0, 0.6455554496279815)	(6.0, 0.5388094066306001)	(7.0, 0.5074400691441681)	(8.0, 0.5007303556762319)	(9.0, 0.495475314103047)	('>10', 11.53934698706472)	('>50', 5.921960595185762)	('>100', 7.318553302282075)	('>500', 0.8025932443638929)	('>1k', 2.1033155114679554)	('>5k', 0.8493821607194477)	('>10k+', 3.2235113435985325)
LD1C5	(1.0, 66.85847691895664)	(2.0, 1.0124563243898104)	(3.0, 0.5078243250221578)	(4.0, 0.44146917734394886)	(5.0, 0.442529120152244)	(6.0, 0.4201802468148079)	(7.0, 0.3971885370583128)	(8.0, 0.39010691264885755)	(9.0, 0.3557629464266748)	('>10', 11.209740335139253)	('>50', 7.144061553587287)	('>100', 8.989125404811363)	('>500', 0.6496933759419856)	('>1k', 0.7592290825371326)	('>5k', 0.16627831179527958)	('>10k+', 0.2558774273741637)
LD1C6	(1.0, 58.60094259851729)	(2.0, 0.9188132543405639)	(3.0, 0.5563509944628218)	(4.0, 0.4766435390052469)	(5.0, 0.43720045198590507)	(6.0, 0.4484800540839641)	(7.0, 0.4719377068943641)	(8.0, 0.4047824307518673)	(9.0, 0.44386852748150174)	('>10', 13.796962303837706)	('>50', 9.529250527976332)	('>100', 11.22578537809544)	('>500', 0.9143453961382728)	('>1k', 1.2397552621138348)	('>5k', 0.0)	('>10k+', 0.5348815743148724)
LD1C7	(1.0, 67.33878152756688)	(2.0, 1.0568632883330051)	(3.0, 0.5594187561246167)	(4.0, 0.4749684338280465)	(5.0, 0.43370713463587807)	(6.0, 0.42828673624716795)	(7.0, 0.4098619166000569)	(8.0, 0.4112238143666304)	(9.0, 0.3891485518659994)	('>10', 11.245079451817958)	('>50', 6.8331468305368155)	('>100', 7.881801017440937)	('>500', 0.6886454267335785)	('>1k', 1.3305645967066089)	('>5k', 0.5185025171959627)	('>10k+', 0.0)
LD1C8	(1.0, 48.394913883968236)	(2.0, 3.9732046293816636)	(3.0, 2.345742025880757)	(4.0, 1.7933570137467512)	(5.0, 1.4621809444364673)	(6.0, 1.228404626379498)	(7.0, 1.0753816178081483)	(8.0, 0.9310594781317105)	(9.0, 0.7996483956336283)	('>10', 10.460294775547094)	('>50', 3.3351126913281006)	('>100', 4.624962930708681)	('>500', 0.8471019386233103)	('>1k', 2.5735698281189547)	('>5k', 0.39515614228398416)	('>10k+', 15.759909078022998)
LD1C9	(1.0, 65.90759755461345)	(2.0, 1.254998029840186)	(3.0, 0.6675119241389298)	(4.0, 0.5060311840337937)	(5.0, 0.5004956530809465)	(6.0, 0.4707133478805163)	(7.0, 0.41663115591787797)	(8.0, 0.42483516392652493)	(9.0, 0.43315652662927484)	('>10', 11.249924956786284)	('>50', 6.251661213061813)	('>100', 7.679030387843702)	('>500', 0.7738330937684403)	('>1k', 1.6924154491347296)	('>5k', 0.7958332108981441)	('>10k+', 0.9753311484453239)
LD1D1	(1.0, 46.763287114159326)	(2.0, 2.3540674147677443)	(3.0, 1.2085346184112429)	(4.0, 0.885067696373628)	(5.0, 0.7399483344491603)	(6.0, 0.6327949337194971)	(7.0, 0.5830427699974888)	(8.0, 0.5379546024593678)	(9.0, 0.5201952880946489)	('>10', 9.6350465575573)	('>50', 4.488986823409617)	('>100', 7.157224739401668)	('>500', 1.3767374590040908)	('>1k', 2.7557575002203496)	('>5k', 1.7006438839711375)	('>10k+', 18.66071026400373)
LD1D10	(1.0, 67.52699232198624)	(2.0, 1.0335918822910413)	(3.0, 0.5411005109456116)	(4.0, 0.4672306215230032)	(5.0, 0.4881819162075882)	(6.0, 0.3907761064150085)	(7.0, 0.382674986204352)	(8.0, 0.4086652762781578)	(9.0, 0.3976071928253014)	('>10', 11.68005396971392)	('>50', 6.8123676240054065)	('>100', 7.965298041733436)	('>500', 0.6326657473391897)	('>1k', 1.0037953718149326)	('>5k', 0.0)	('>10k+', 0.2689984307168874)
LD1D2	(1.0, 58.718166732769994)	(2.0, 1.1728697434701683)	(3.0, 0.6905807268234732)	(4.0, 0.553363632797071)	(5.0, 0.46312881660856026)	(6.0, 0.4179241993800412)	(7.0, 0.3796437618265345)	(8.0, 0.3596544097629442)	(9.0, 0.4060962065223296)	('>10', 11.728779539397962)	('>50', 7.758884464460181)	('>100', 10.911228938048133)	('>500', 1.2430313585419508)	('>1k', 2.4433925605861537)	('>5k', 1.0219569643051925)	('>10k+', 1.7312979446992873)
LD1D3	(1.0, 63.58007555102934)	(2.0, 0.95682549286744)	(3.0, 0.5489840230335812)	(4.0, 0.5047589480191254)	(5.0, 0.5226574987585137)	(6.0, 0.493204380641735)	(7.0, 0.46812042705381)	(8.0, 0.42760906328027026)	(9.0, 0.41809677011473145)	('>10', 13.250433687919235)	('>50', 7.843277740237857)	('>100', 9.206701065751275)	('>500', 0.6292940650337625)	('>1k', 0.7260936219659732)	('>5k', 0.14948915051524156)	('>10k+', 0.27437851377805605)
LD1D4	(1.0, 64.81472049927042)	(2.0, 1.0932196005426709)	(3.0, 0.5861527087911299)	(4.0, 0.5004649987573608)	(5.0, 0.4576525297452491)	(6.0, 0.41529389668089967)	(7.0, 0.43269213837171927)	(8.0, 0.4240707254841718)	(9.0, 0.4298628071962501)	('>10', 12.029094577338892)	('>50', 7.343896261774857)	('>100', 8.670042745389761)	('>500', 0.7107397286736774)	('>1k', 1.3338454974088687)	('>5k', 0.44450006997955405)	('>10k+', 0.31375121459457905)
LD1D5	(1.0, 66.91442709987079)	(2.0, 0.9582149597782437)	(3.0, 0.4889527719877883)	(4.0, 0.42829214816216277)	(5.0, 0.4157920336243791)	(6.0, 0.4172879627201468)	(7.0, 0.37777315308319476)	(8.0, 0.43579958701220906)	(9.0, 0.3702000146584806)	('>10', 11.523001820601193)	('>50', 6.996488265894417)	('>100', 8.898600380082271)	('>500', 0.6100272775890361)	('>1k', 0.769809212441061)	('>5k', 0.14339991521568518)	('>10k+', 0.251933397279059)
LD1D6	(1.0, 59.48918761332257)	(2.0, 0.8999745862973264)	(3.0, 0.4890302183251364)	(4.0, 0.41156615234817895)	(5.0, 0.3761877258666158)	(6.0, 0.37303700266923306)	(7.0, 0.3553549038893965)	(8.0, 0.35420807193702497)	(9.0, 0.3572768021350983)	('>10', 11.574342506921255)	('>50', 8.945933306105411)	('>100', 12.801053618774752)	('>500', 1.2724267862946517)	('>1k', 1.640000503806072)	('>5k', 0.15603287178020175)	('>10k+', 0.5043873295270176)
LD1D7	(1.0, 66.63762503242438)	(2.0, 1.2734996242131948)	(3.0, 0.6168877691485468)	(4.0, 0.5179949663628607)	(5.0, 0.46662192602260777)	(6.0, 0.48258983734224226)	(7.0, 0.4318687602802023)	(8.0, 0.42282183197494105)	(9.0, 0.4032211995871853)	('>10', 11.023290871694584)	('>50', 6.110054129796564)	('>100', 8.009575143860205)	('>500', 0.8755069939692859)	('>1k', 1.6381445189689319)	('>5k', 0.5949590134850775)	('>10k+', 0.49533838086911447)
LD1D8	(1.0, 69.83136155171135)	(2.0, 1.0384143719981473)	(3.0, 0.49282607855936694)	(4.0, 0.4472840039130636)	(5.0, 0.4306367833440847)	(6.0, 0.37115727648298524)	(7.0, 0.4173629095237648)	(8.0, 0.4155634004209194)	(9.0, 0.36599298340328695)	('>10', 11.104742810416198)	('>50', 6.330319944837473)	('>100', 6.8957802796555265)	('>500', 0.5498312973445662)	('>1k', 0.9618912860188172)	('>5k', 0.12763868599799738)	('>10k+', 0.2191963363724126)
LD1D9	(1.0, 59.71293876287472)	(2.0, 2.0563564522651716)	(3.0, 1.0341284596344251)	(4.0, 0.7360795961404135)	(5.0, 0.5834143628004987)	(6.0, 0.5728370151818162)	(7.0, 0.4879442318766627)	(8.0, 0.4598783796085565)	(9.0, 0.41081714329032915)	('>10', 8.89470459431255)	('>50', 4.314827799102465)	('>100', 7.4748243659415055)	('>500', 1.5549747658632587)	('>1k', 2.21269668975343)	('>5k', 1.6511690078163659)	('>10k+', 7.842408373537838)
O22A1	(1.0, 56.90519904898337)	(2.0, 0.8713170141003278)	(3.0, 0.5224345279471677)	(4.0, 0.46297549332054955)	(5.0, 0.4249549851009464)	(6.0, 0.4317043520881812)	(7.0, 0.42764305912797324)	(8.0, 0.39950819102288715)	(9.0, 0.4022934803655296)	('>10', 13.41997273968106)	('>50', 10.129166463467776)	('>100', 13.168002891357602)	('>500', 0.7768554067616781)	('>1k', 1.1087270639413382)	('>5k', 0.0)	('>10k+', 0.5492452827336322)
O22A2	(1.0, 58.882478406258606)	(2.0, 0.8767716689090691)	(3.0, 0.5355031113049685)	(4.0, 0.4799418713436072)	(5.0, 0.47008548273368606)	(6.0, 0.43811967772041593)	(7.0, 0.4261741901710829)	(8.0, 0.41716444582879186)	(9.0, 0.3737726870007781)	('>10', 12.359798249415329)	('>50', 8.940906130517796)	('>100', 12.244728400453624)	('>500', 1.176600207562124)	('>1k', 1.353964016283526)	('>5k', 1.0239914544964899)	('>10k+', 0.0)
O22A3	(1.0, 52.53154574675549)	(2.0, 2.8314961531950216)	(3.0, 1.5195908607739708)	(4.0, 1.0991729370162815)	(5.0, 0.9115358042680589)	(6.0, 0.75153756072832)	(7.0, 0.7281369182523629)	(8.0, 0.6218403244967252)	(9.0, 0.5886579737127248)	('>10', 10.119318109724407)	('>50', 4.566820237952351)	('>100', 7.76584730878263)	('>500', 2.3145121535893933)	('>1k', 3.622514938275285)	('>5k', 1.1852077725541985)	('>10k+', 8.842265199922787)
O22A4	(1.0, 39.752856899292645)	(2.0, 4.247338862897809)	(3.0, 2.377125935279647)	(4.0, 1.6844748748305858)	(5.0, 1.3026716549428106)	(6.0, 1.123372172621532)	(7.0, 0.9468841655404514)	(8.0, 0.7735014243958999)	(9.0, 0.7578816145407257)	('>10', 9.343693856331466)	('>50', 3.264016442396071)	('>100', 4.819259201366236)	('>500', 1.119522451512212)	('>1k', 2.9917177797062307)	('>5k', 1.360448878178423)	('>10k+', 24.135233786167255)
O22A5	(1.0, 64.33426620111622)	(2.0, 1.2698183316054645)	(3.0, 0.7601179782689839)	(4.0, 0.6625856240488568)	(5.0, 0.6218765748892551)	(6.0, 0.6230143723520396)	(7.0, 0.598042598724236)	(8.0, 0.5352360995411514)	(9.0, 0.5408020397261076)	('>10', 14.601760115463902)	('>50', 7.2032634218343174)	('>100', 6.701206324961878)	('>500', 0.6430146069174739)	('>1k', 0.4755214344488117)	('>5k', 0.4294742761013178)	('>10k+', 0.0)
O22A6	(1.0, 55.27962125704499)	(2.0, 0.9732013557496765)	(3.0, 0.6390604151675697)	(4.0, 0.6008649508082422)	(5.0, 0.5778984653756755)	(6.0, 0.507131356157144)	(7.0, 0.5171837747504144)	(8.0, 0.49623860555737187)	(9.0, 0.5138662050618482)	('>10', 16.90843027071714)	('>50', 9.981896862037837)	('>100', 10.19059324645515)	('>500', 0.8054178649837703)	('>1k', 1.326803865152164)	('>5k', 0.6817915049809996)	('>10k+', 0.0)
O22A7	(1.0, 62.3340257985743)	(2.0, 2.2750225309375023)	(3.0, 1.0059818504550266)	(4.0, 0.7420410391900433)	(5.0, 0.6503201696059909)	(6.0, 0.5620840954465824)	(7.0, 0.49564875359670074)	(8.0, 0.4870912864004689)	(9.0, 0.4292980505296704)	('>10', 8.78250495988989)	('>50', 4.114224845616743)	('>100', 8.460877767830938)	('>500', 2.249599181075705)	('>1k', 3.1472972585044836)	('>5k', 1.408907589298458)	('>10k+', 2.8550748230475342)
O22A8	(1.0, 49.47888024871816)	(2.0, 4.331580336215746)	(3.0, 2.2976791397978658)	(4.0, 1.6632485094356286)	(5.0, 1.3456010767077682)	(6.0, 1.078298010688733)	(7.0, 0.859834671727714)	(8.0, 0.7276402656189703)	(9.0, 0.7007632471673836)	('>10', 8.955262198034072)	('>50', 3.6464322088703414)	('>100', 5.8799648120914005)	('>500', 1.5168337713201818)	('>1k', 3.1879131881642846)	('>5k', 1.0982814061656063)	('>10k+', 13.231786909276197)
O22B1	(1.0, 39.49871805816549)	(2.0, 2.921884814288742)	(3.0, 1.524424843540156)	(4.0, 1.1198932667737571)	(5.0, 0.8358168413528827)	(6.0, 0.6895235454531621)	(7.0, 0.6066800901356344)	(8.0, 0.5360718650222259)	(9.0, 0.47218286740853205)	('>10', 8.119234862343752)	('>50', 3.9127888875344055)	('>100', 7.468953087779476)	('>500', 2.425602296546489)	('>1k', 4.051886020940701)	('>5k', 2.0148222209230444)	('>10k+', 23.801516431791526)
O22B2	(1.0, 55.49197894174714)	(2.0, 1.8469143534825598)	(3.0, 0.8820941723460899)	(4.0, 0.6951654053038712)	(5.0, 0.5621508521504506)	(6.0, 0.49999175272328394)	(7.0, 0.4732026982677663)	(8.0, 0.4652867207681957)	(9.0, 0.3869959427089698)	('>10', 9.07516595767673)	('>50', 5.099604200036638)	('>100', 11.060999411565197)	('>500', 2.9512986683329427)	('>1k', 4.176091682232632)	('>5k', 1.2853721596692773)	('>10k+', 5.047687080988317)
O22B3	(1.0, 62.62260805337503)	(2.0, 1.165101537831628)	(3.0, 0.6631852801545854)	(4.0, 0.5394572663287003)	(5.0, 0.5695022184783394)	(6.0, 0.5243145239392405)	(7.0, 0.5106522809772864)	(8.0, 0.46434107557639304)	(9.0, 0.4664770712169839)	('>10', 14.240452716639885)	('>50', 7.862396206813006)	('>100', 7.968525307820029)	('>500', 0.6841300656532793)	('>1k', 1.1713919499982721)	('>5k', 0.5474644451973794)	('>10k+', 0.0)
O22B4	(1.0, 63.71412018286847)	(2.0, 1.1086489958523762)	(3.0, 0.6691264478213451)	(4.0, 0.6294136861963882)	(5.0, 0.5872074234799978)	(6.0, 0.537951413588551)	(7.0, 0.5579232959163551)	(8.0, 0.45786569204193245)	(9.0, 0.523878861040648)	('>10', 14.296933824624547)	('>50', 7.702396029820253)	('>100', 7.479255249989316)	('>500', 0.6582121344341637)	('>1k', 0.5831695645069731)	('>5k', 0.4938971978186728)	('>10k+', 0.0)
O22B5	(1.0, 46.597834668061786)	(2.0, 4.304437033678359)	(3.0, 2.342360684896929)	(4.0, 1.6479018639181306)	(5.0, 1.2888188325426069)	(6.0, 1.0075588678814984)	(7.0, 0.8873984790568841)	(8.0, 0.7520281254091109)	(9.0, 0.6157879324395609)	('>10', 8.806840275064356)	('>50', 3.0201599201103697)	('>100', 5.162682526846289)	('>500', 1.8254811660071049)	('>1k', 4.577185895572077)	('>5k', 1.1484557691064414)	('>10k+', 16.015067959408462)
O22B6	(1.0, 52.15271805362063)	(2.0, 2.0930090490923794)	(3.0, 1.0253993816521996)	(4.0, 0.7751435157211255)	(5.0, 0.6288417939063273)	(6.0, 0.5613846098084276)	(7.0, 0.519349453008861)	(8.0, 0.4847906983696508)	(9.0, 0.46854719737717326)	('>10', 9.898259972021052)	('>50', 5.3668910795907285)	('>100', 10.61960048198801)	('>500', 3.155292612813612)	('>1k', 4.128194946117861)	('>5k', 1.6607126030914552)	('>10k+', 6.461864551820487)
O22B7	(1.0, 65.75054535174017)	(2.0, 1.3134832071632327)	(3.0, 0.7302312396553522)	(4.0, 0.6511002644988053)	(5.0, 0.5976518657511234)	(6.0, 0.5321583066185137)	(7.0, 0.5789352582126919)	(8.0, 0.5104858871317424)	(9.0, 0.5456395689136346)	('>10', 13.477242836535314)	('>50', 6.423920498884119)	('>100', 6.1748749474035645)	('>500', 0.6367783161258406)	('>1k', 1.3129199820861441)	('>5k', 0.3365058860490538)	('>10k+', 0.42752658323074855)
O22B8	(1.0, 65.59226810353273)	(2.0, 1.3245193199028469)	(3.0, 0.8850323271723781)	(4.0, 0.7892725220322541)	(5.0, 0.7374551055425851)	(6.0, 0.7054456969177747)	(7.0, 0.652016428298526)	(8.0, 0.6461963643322262)	(9.0, 0.5849614611597147)	('>10', 14.537389308857227)	('>50', 6.299433350389955)	('>100', 5.941437022601207)	('>500', 0.4953207341492726)	('>1k', 0.536004633221299)	('>5k', 0.27324762188987933)	('>10k+', 0.0)
O22C1	(1.0, 53.31890383314444)	(2.0, 1.1144577857730629)	(3.0, 0.647036108770166)	(4.0, 0.6217249475373001)	(5.0, 0.5972214903435212)	(6.0, 0.5629497825460297)	(7.0, 0.5688058955311427)	(8.0, 0.5315347028680373)	(9.0, 0.5836587854759328)	('>10', 18.47824393661563)	('>50', 10.511694519728056)	('>100', 9.523543391002914)	('>500', 0.8410244880616943)	('>1k', 1.2886077616796399)	('>5k', 0.4184221398317197)	('>10k+', 0.39217043109067906)
O22C2	(1.0, 39.39239812364638)	(2.0, 3.4489485121856345)	(3.0, 1.902557723214237)	(4.0, 1.364245702645476)	(5.0, 1.0754516596558867)	(6.0, 0.8666368120515524)	(7.0, 0.7467797581818152)	(8.0, 0.7111282503688945)	(9.0, 0.5671889949117284)	('>10', 9.242368053731754)	('>50', 3.515474726872863)	('>100', 5.644216295090286)	('>500', 1.724182188074899)	('>1k', 3.0345535652102655)	('>5k', 1.8488627713081789)	('>10k+', 24.91500686285016)
O22C3	(1.0, 61.04242099634877)	(2.0, 1.191886556074603)	(3.0, 0.7348212569345175)	(4.0, 0.6565553570014842)	(5.0, 0.6964792262085618)	(6.0, 0.6600164873023225)	(7.0, 0.6145264143653617)	(8.0, 0.6457141738427817)	(9.0, 0.5720537060780373)	('>10', 16.729267666927566)	('>50', 7.965129361271243)	('>100', 6.8339347761597224)	('>500', 0.6408221107548828)	('>1k', 0.5737145321350265)	('>5k', 0.44265737859507165)	('>10k+', 0.0)
O22C4	(1.0, 57.39996500426508)	(2.0, 2.541429802591324)	(3.0, 1.3244571188080605)	(4.0, 0.9804162985201037)	(5.0, 0.8017354297676302)	(6.0, 0.7268124806182037)	(7.0, 0.594162849107894)	(8.0, 0.5530402081320374)	(9.0, 0.5377963323332577)	('>10', 9.863560574456894)	('>50', 4.826879839054079)	('>100', 7.82138163861934)	('>500', 1.8832437003811608)	('>1k', 3.1057059031367524)	('>5k', 1.4442364513821957)	('>10k+', 5.595176368826067)
O22C5	(1.0, 65.46934717895425)	(2.0, 1.2772694562229854)	(3.0, 0.7089004622076934)	(4.0, 0.6536530494416634)	(5.0, 0.6302226768279267)	(6.0, 0.5874530949656531)	(7.0, 0.5503563685139111)	(8.0, 0.5306167777853465)	(9.0, 0.5493504454774456)	('>10', 13.91975771204009)	('>50', 6.8628984605036605)	('>100', 6.292657722049025)	('>500', 0.5867214359719957)	('>1k', 0.7874077747189019)	('>5k', 0.5933873843195561)	('>10k+', 0.0)
O22C6	(1.0, 35.557440687333994)	(2.0, 3.632941891374144)	(3.0, 1.9891934064528136)	(4.0, 1.4597396407709704)	(5.0, 1.1395826850803574)	(6.0, 0.9237397994332772)	(7.0, 0.818249258836405)	(8.0, 0.692930298846696)	(9.0, 0.6202551145430639)	('>10', 9.223294781941483)	('>50', 2.9699102127618224)	('>100', 5.202885308610829)	('>500', 1.2658410971647682)	('>1k', 3.0191929672429074)	('>5k', 2.0701664651111846)	('>10k+', 29.414636384495296)
O22C7	(1.0, 64.71923880755223)	(2.0, 1.2415063578660877)	(3.0, 0.7990957056959489)	(4.0, 0.7002516613959775)	(5.0, 0.6910640161033522)	(6.0, 0.657283281322929)	(7.0, 0.6340704005761886)	(8.0, 0.6230308443174971)	(9.0, 0.6190542413874086)	('>10', 15.380918216723519)	('>50', 6.827194234109962)	('>100', 5.639484836440296)	('>500', 0.49141929783250915)	('>1k', 0.5384887659594256)	('>5k', 0.4378993327166936)	('>10k+', 0.0)
O22C8	(1.0, 60.29699156637858)	(2.0, 3.111760283189471)	(3.0, 1.6270871991435425)	(4.0, 1.2379383168571618)	(5.0, 1.0054664908029054)	(6.0, 0.9020286065757712)	(7.0, 0.7552547136491916)	(8.0, 0.676424477869065)	(9.0, 0.6524069868186364)	('>10', 10.625698971362945)	('>50', 3.983018343752711)	('>100', 5.318123107128337)	('>500', 1.065196265118456)	('>1k', 2.8807697440145787)	('>5k', 0.5205377156224158)	('>10k+', 5.341297211716232)
O22D1	(1.0, 49.87516115295678)	(2.0, 1.8213968038560464)	(3.0, 1.00003249621488)	(4.0, 0.8219196844993093)	(5.0, 0.7253899281637602)	(6.0, 0.6234923571255461)	(7.0, 0.6043983564316973)	(8.0, 0.5707981705139256)	(9.0, 0.5482456912580831)	('>10', 12.930009329532592)	('>50', 6.776740213272782)	('>100', 9.37984565128039)	('>500', 1.8342502636316063)	('>1k', 3.1202527728330267)	('>5k', 1.334901928022205)	('>10k+', 8.033165200407383)
O22D2	(1.0, 57.22141025210459)	(2.0, 0.9277526699383415)	(3.0, 0.6155768056750873)	(4.0, 0.5547624201766291)	(5.0, 0.537786137764511)	(6.0, 0.5013500821521198)	(7.0, 0.5226313978285559)	(8.0, 0.5015698180337573)	(9.0, 0.46702545796925254)	('>10', 16.02046031331073)	('>50', 9.834320736946223)	('>100', 10.181497978444542)	('>500', 0.791753957269036)	('>1k', 0.8019938907423986)	('>5k', 0.5201080816442166)	('>10k+', 0.0)
O22D3	(1.0, 43.01165695607916)	(2.0, 3.947258874590762)	(3.0, 2.229314691820744)	(4.0, 1.5641259850563818)	(5.0, 1.3185389796778915)	(6.0, 1.030091424869415)	(7.0, 0.8830197691815509)	(8.0, 0.7396135704966114)	(9.0, 0.6257357767040745)	('>10', 9.379595813196824)	('>50', 3.3979040022136613)	('>100', 5.43961402691083)	('>500', 1.0767669742880137)	('>1k', 2.574993617786191)	('>5k', 2.1410094395381787)	('>10k+', 20.64076009758973)
O22D4	(1.0, 61.56367211812075)	(2.0, 1.2067535914006373)	(3.0, 0.7123796469717111)	(4.0, 0.658662968450288)	(5.0, 0.5990879457067619)	(6.0, 0.6024101329070455)	(7.0, 0.5451928732684765)	(8.0, 0.5415548774437503)	(9.0, 0.5618322726999886)	('>10', 15.256458395024897)	('>50', 7.919683676086973)	('>100', 7.682968629641721)	('>500', 0.5896940903931082)	('>1k', 1.0118597151620283)	('>5k', 0.5477890667219348)	('>10k+', 0.0)
O22D5	(1.0, 53.03168568604922)	(2.0, 3.396027698907738)	(3.0, 1.8471392720908482)	(4.0, 1.3194449000636572)	(5.0, 1.0435149722481036)	(6.0, 0.8783243912910849)	(7.0, 0.6986117993321741)	(8.0, 0.6578005797662179)	(9.0, 0.5648376762737465)	('>10', 9.18818261006982)	('>50', 4.032118246855039)	('>100', 6.360691672492309)	('>500', 1.608363441037039)	('>1k', 3.13959852436855)	('>5k', 1.252354871187451)	('>10k+', 10.981303657966963)
O22D6	(1.0, 57.444570444503796)	(2.0, 0.9846385915631022)	(3.0, 0.5270400110978037)	(4.0, 0.5032275051800549)	(5.0, 0.48906587179526506)	(6.0, 0.4775485968849271)	(7.0, 0.41503717783845145)	(8.0, 0.44659319233229694)	(9.0, 0.4384113330445035)	('>10', 15.124150044324525)	('>50', 9.90985806448385)	('>100', 11.09705943790959)	('>500', 0.751573308243216)	('>1k', 0.8774903494667129)	('>5k', 0.23328075892977193)	('>10k+', 0.2804553124022369)
O22D7	(1.0, 41.64810601963648)	(2.0, 4.360336913414845)	(3.0, 2.4159814970425555)	(4.0, 1.7421039022142495)	(5.0, 1.3840154665287538)	(6.0, 1.0948359056831523)	(7.0, 0.9137202946367359)	(8.0, 0.7854463251795442)	(9.0, 0.7012410934724026)	('>10', 9.098791973584413)	('>50', 3.4651829121871662)	('>100', 6.29668623282536)	('>500', 1.0846328940868155)	('>1k', 2.6155310407952785)	('>5k', 1.292908286557287)	('>10k+', 21.100479242154893)
O22D8	(1.0, 67.6744447186539)	(2.0, 1.4052523548346403)	(3.0, 0.8122823694000421)	(4.0, 0.7461233806902207)	(5.0, 0.701197096682581)	(6.0, 0.6525756131956635)	(7.0, 0.6219372368104138)	(8.0, 0.5678371010610604)	(9.0, 0.5538326272724825)	('>10', 13.642447168666957)	('>50', 5.441171077123295)	('>100', 4.584141074787442)	('>500', 0.6838266198194946)	('>1k', 1.3160764362423978)	('>5k', 0.17350165980017035)	('>10k+', 0.4233534649592422)
highN4A1	(1.0, 55.91078693347021)	(2.0, 1.5900480729746524)	(3.0, 0.9697595398783124)	(4.0, 0.7929740706249839)	(5.0, 0.8020574417119879)	(6.0, 0.7848188498846325)	(7.0, 0.8133960866912123)	(8.0, 0.8010917660779551)	(9.0, 0.8036762657238634)	('>10', 22.33149598025715)	('>50', 8.124664352892156)	('>100', 5.122655046395938)	('>500', 0.46523269746724394)	('>1k', 0.42390233546582645)	('>5k', 0.2634405604838393)	('>10k+', 0.0)
highN4A2	(1.0, 57.122681178978965)	(2.0, 1.7423609519821053)	(3.0, 0.9895061852562698)	(4.0, 0.8498886479073989)	(5.0, 0.8470338942376066)	(6.0, 0.8204691025954244)	(7.0, 0.8042259583707155)	(8.0, 0.8041275554237975)	(9.0, 0.7834498782333712)	('>10', 20.774227566401198)	('>50', 7.325353633312201)	('>100', 5.1620385450291275)	('>500', 0.8329887269474235)	('>1k', 1.1416481753244396)	('>5k', 0.0)	('>10k+', 0.0)
highN4A3	(1.0, 54.90040435354374)	(2.0, 2.100902150737273)	(3.0, 0.9602754750871877)	(4.0, 0.7661894071581044)	(5.0, 0.6409355739924472)	(6.0, 0.6703204550290504)	(7.0, 0.5271712828821131)	(8.0, 0.547468071458096)	(9.0, 0.5426081961338127)	('>10', 11.804515306969481)	('>50', 7.283659766477156)	('>100', 12.934080837854955)	('>500', 1.9904160234588704)	('>1k', 3.375312787720661)	('>5k', 0.48296276223012674)	('>10k+', 0.472777549266933)
highN4A4	(1.0, 53.83870457522807)	(2.0, 2.534320966808676)	(3.0, 1.066483900479665)	(4.0, 0.7697115972578167)	(5.0, 0.6145850819226434)	(6.0, 0.5266146606737832)	(7.0, 0.4327822425242953)	(8.0, 0.3816611510774542)	(9.0, 0.38405544753351767)	('>10', 8.603445596271717)	('>50', 5.823936655993949)	('>100', 14.30753761133505)	('>500', 3.4190780380389487)	('>1k', 4.3819070696288085)	('>5k', 1.6941048153822167)	('>10k+', 1.2210705898434542)
highN4A5	(1.0, 57.80905582096595)	(2.0, 1.6236270294102007)	(3.0, 1.0098674822279874)	(4.0, 0.9380299146942797)	(5.0, 0.9656361197074571)	(6.0, 0.9379007015341843)	(7.0, 0.9615071164838701)	(8.0, 0.9505437671072845)	(9.0, 0.9343576177506783)	('>10', 22.594319428731836)	('>50', 6.579817245974651)	('>100', 3.7755598564915034)	('>500', 0.24963711405438577)	('>1k', 0.6701407848657552)	('>5k', 0.0)	('>10k+', 0.0)
highN4A6	(1.0, 54.66624535808391)	(2.0, 1.6189747028355654)	(3.0, 0.9482442307006669)	(4.0, 0.8792088763945504)	(5.0, 0.8139345344868123)	(6.0, 0.791728105941256)	(7.0, 0.7788606804942817)	(8.0, 0.8080019330251048)	(9.0, 0.7918336705214092)	('>10', 22.000833416540257)	('>50', 8.06710344262369)	('>100', 5.69010713735833)	('>500', 0.804423049167493)	('>1k', 1.3405008618267136)	('>5k', 0.0)	('>10k+', 0.0)
highN4A7	(1.0, 55.116329756359306)	(2.0, 2.1588729534174003)	(3.0, 1.0464478099267076)	(4.0, 0.7886414352262576)	(5.0, 0.7525865116354911)	(6.0, 0.6950737787362995)	(7.0, 0.5479523766302129)	(8.0, 0.5391610488867571)	(9.0, 0.5481094891257463)	('>10', 12.298304616625758)	('>50', 7.040413260742564)	('>100', 12.313913277681936)	('>500', 1.8835774085527488)	('>1k', 3.4715268736177376)	('>5k', 0.3027884819113389)	('>10k+', 0.4963009209237119)
highN4A8	(1.0, 53.72682574045725)	(2.0, 2.7297016741697058)	(3.0, 1.200711560066582)	(4.0, 0.8744670450993435)	(5.0, 0.6412483259569275)	(6.0, 0.5663845118182174)	(7.0, 0.5209749161926405)	(8.0, 0.4853341052884372)	(9.0, 0.4246190629356305)	('>10', 9.242256057097045)	('>50', 5.849141893812054)	('>100', 12.674255808840105)	('>500', 3.2936378349671487)	('>1k', 4.199022495193662)	('>5k', 2.2528008361860024)	('>10k+', 1.3186181319192538)
highN4B1	(1.0, 57.118548205336026)	(2.0, 2.824845744395519)	(3.0, 1.203101066087113)	(4.0, 0.8267888638395812)	(5.0, 0.634472910651275)	(6.0, 0.5494509033920373)	(7.0, 0.49388144075693546)	(8.0, 0.4158609427649144)	(9.0, 0.4093486114515694)	('>10', 8.92959137537875)	('>50', 5.651690724531474)	('>100', 11.167867785801771)	('>500', 2.6273018751839956)	('>1k', 3.9632813660823594)	('>5k', 1.8838028086525613)	('>10k+', 1.3001653756940939)
highN4B2	(1.0, 59.024166874578285)	(2.0, 2.2604814221685183)	(3.0, 1.0629938424239074)	(4.0, 0.813115633445265)	(5.0, 0.6841883690086764)	(6.0, 0.6480957859758724)	(7.0, 0.5774505082456878)	(8.0, 0.5483481721170871)	(9.0, 0.5039618741917711)	('>10', 11.350100822101705)	('>50', 6.201368130059153)	('>100', 10.51663328900411)	('>500', 1.5694816705894992)	('>1k', 3.4701110846893535)	('>5k', 0.2699789530858313)	('>10k+', 0.49952356831528233)
highN4B3	(1.0, 59.35051740660153)	(2.0, 1.5899977462691992)	(3.0, 0.8746712947964034)	(4.0, 0.7241142793145394)	(5.0, 0.7158567529150445)	(6.0, 0.6734111625044006)	(7.0, 0.6485130940342902)	(8.0, 0.6660813306572752)	(9.0, 0.6406223217630315)	('>10', 19.088780706291487)	('>50', 7.5539532064639285)	('>100', 5.744177424683887)	('>500', 0.5039217419784848)	('>1k', 1.225381531726555)	('>5k', 0.0)	('>10k+', 0.0)
highN4B4	(1.0, 60.91753730247766)	(2.0, 1.592761869031796)	(3.0, 0.8559878432354043)	(4.0, 0.7126534497336765)	(5.0, 0.7259715948795473)	(6.0, 0.6873454924716947)	(7.0, 0.6426408146927512)	(8.0, 0.6785048602448085)	(9.0, 0.6832846778242159)	('>10', 19.111035399284294)	('>50', 7.301953163499551)	('>100', 5.0055747117627)	('>500', 0.43490780943558416)	('>1k', 0.4196681410401774)	('>5k', 0.23017287038618076)	('>10k+', 0.0)
highN4B5	(1.0, 57.057857003908)	(2.0, 3.066260491422309)	(3.0, 1.2444207731537582)	(4.0, 0.9212788606402693)	(5.0, 0.7065701761666247)	(6.0, 0.6099860537858081)	(7.0, 0.5423027387611368)	(8.0, 0.4956244847885873)	(9.0, 0.439269393266231)	('>10', 8.289584704712388)	('>50', 4.662698395455419)	('>100', 10.610553040083351)	('>500', 2.818718190955306)	('>1k', 3.331248271328641)	('>5k', 2.021500980359905)	('>10k+', 3.1821264412123207)
highN4B6	(1.0, 57.41927104241261)	(2.0, 2.07491722135228)	(3.0, 1.104727496820937)	(4.0, 0.8654957888055318)	(5.0, 0.7597722938905594)	(6.0, 0.7643522641690818)	(7.0, 0.672802549735288)	(8.0, 0.6450745742026117)	(9.0, 0.6224546937563563)	('>10', 13.436684360864264)	('>50', 6.564056895355046)	('>100', 9.763785426938993)	('>500', 1.2741524162247335)	('>1k', 3.2966654002405003)	('>5k', 0.2702301698767622)	('>10k+', 0.46555740535442186)
highN4B7	(1.0, 59.79370724725142)	(2.0, 1.5453471825369456)	(3.0, 0.8624264761673403)	(4.0, 0.7500423668029914)	(5.0, 0.7116325745699122)	(6.0, 0.7521996395518072)	(7.0, 0.6855013590517804)	(8.0, 0.6986295662747624)	(9.0, 0.7342552032070089)	('>10', 19.57618070670429)	('>50', 7.293129326318989)	('>100', 5.079754439596511)	('>500', 0.5127587349598349)	('>1k', 1.004435177006404)	('>5k', 0.0)	('>10k+', 0.0)
highN4B8	(1.0, 60.862928039225686)	(2.0, 1.6607065938709558)	(3.0, 0.9348062419304486)	(4.0, 0.7942140258263027)	(5.0, 0.7721300201154654)	(6.0, 0.7675205978806503)	(7.0, 0.7126642423936702)	(8.0, 0.6989829572143824)	(9.0, 0.7238316696007135)	('>10', 19.87188152298651)	('>50', 6.918459988703585)	('>100', 4.201885160993417)	('>500', 0.4928464542321077)	('>1k', 0.3699471505065415)	('>5k', 0.2171953345195601)	('>10k+', 0.0)
highN4C1	(1.0, 59.12975150869819)	(2.0, 1.7418457668880043)	(3.0, 0.9500620672425858)	(4.0, 0.8867375144830223)	(5.0, 0.8213122481540827)	(6.0, 0.8011566310167412)	(7.0, 0.7546333297708209)	(8.0, 0.7959503737308228)	(9.0, 0.8100938453128225)	('>10', 19.41463253921354)	('>50', 6.997880755873563)	('>100', 4.950314377285324)	('>500', 0.7185222328904693)	('>1k', 1.2271068094400202)	('>5k', 0.0)	('>10k+', 0.0)
highN4C2	(1.0, 55.244966919762916)	(2.0, 3.198860052602117)	(3.0, 1.360745884437472)	(4.0, 0.8941285851823202)	(5.0, 0.6817758494819334)	(6.0, 0.535702818071916)	(7.0, 0.5062192636799663)	(8.0, 0.41692302250490587)	(9.0, 0.35226899367582803)	('>10', 7.483293467269547)	('>50', 4.731364425715761)	('>100', 11.280756807569464)	('>500', 3.698612777994434)	('>1k', 4.231462269089254)	('>5k', 1.9854105882114055)	('>10k+', 3.3975082747508005)
highN4C3	(1.0, 57.51454001287528)	(2.0, 1.6736933000421714)	(3.0, 1.0239593831430465)	(4.0, 0.967392854068794)	(5.0, 0.9057848581868301)	(6.0, 0.8811404180881454)	(7.0, 0.8631909108316114)	(8.0, 0.9014384595898008)	(9.0, 0.8354498296297768)	('>10', 22.056874365112954)	('>50', 7.133413595772034)	('>100', 4.197402794288488)	('>500', 0.3932755991655832)	('>1k', 0.3926258047083955)	('>5k', 0.25981781449703883)	('>10k+', 0.0)
highN4C4	(1.0, 57.61121277479676)	(2.0, 2.346186349234329)	(3.0, 1.110524834675198)	(4.0, 0.8727875093908193)	(5.0, 0.746844006821799)	(6.0, 0.6606247522558869)	(7.0, 0.6285532202600286)	(8.0, 0.5849014325812504)	(9.0, 0.543563319782945)	('>10', 11.066867432084326)	('>50', 6.184565016870717)	('>100', 10.884959963942332)	('>500', 2.276671079817964)	('>1k', 3.013772122994547)	('>5k', 0.9725826519533415)	('>10k+', 0.4953835325377733)
highN4C5	(1.0, 59.53310641887837)	(2.0, 1.7326410668686554)	(3.0, 1.031579878431433)	(4.0, 0.8902596371640478)	(5.0, 0.9040823288523698)	(6.0, 0.8293468317103305)	(7.0, 0.8503418845764145)	(8.0, 0.7711487087044069)	(9.0, 0.8047068507095835)	('>10', 19.51717886448594)	('>50', 6.640812250137499)	('>100', 4.733631363273435)	('>500', 0.605094791994078)	('>1k', 1.156069124213448)	('>5k', 0.0)	('>10k+', 0.0)
highN4C6	(1.0, 55.88719410531313)	(2.0, 3.0271622740163124)	(3.0, 1.271809393898447)	(4.0, 0.849388254910616)	(5.0, 0.6172144015093841)	(6.0, 0.5517337079136745)	(7.0, 0.4467405022195397)	(8.0, 0.4468904905507671)	(9.0, 0.3746712499943438)	('>10', 8.551533397205498)	('>50', 5.5909062427941345)	('>100', 10.53820866158024)	('>500', 3.46384773541843)	('>1k', 4.5227959785831775)	('>5k', 2.195487243340114)	('>10k+', 1.6644163607521862)
highN4C7	(1.0, 58.815699420763835)	(2.0, 1.6274342505553943)	(3.0, 0.966018334092825)	(4.0, 0.8556251990051618)	(5.0, 0.8152726389329805)	(6.0, 0.8367195494909357)	(7.0, 0.8132419286073744)	(8.0, 0.7284493966873682)	(9.0, 0.7704920810986443)	('>10', 21.29800461367116)	('>50', 7.163336003265465)	('>100', 4.293693290256502)	('>500', 0.3909120210781484)	('>1k', 0.37998961429056916)	('>5k', 0.24511165820361472)	('>10k+', 0.0)
highN4C8	(1.0, 57.579413660744294)	(2.0, 2.33919261437376)	(3.0, 1.1728119495825484)	(4.0, 0.8655859656799153)	(5.0, 0.7898347689276339)	(6.0, 0.7240997496879479)	(7.0, 0.6185022758681945)	(8.0, 0.5488909084728852)	(9.0, 0.5295120821042391)	('>10', 11.552706032342467)	('>50', 6.341581127785284)	('>100', 10.596674030880981)	('>500', 1.9902573455974262)	('>1k', 3.1935891765736613)	('>5k', 0.6664236288835342)	('>10k+', 0.4909246824952116)
highN4D1	(1.0, 58.619005672874366)	(2.0, 2.4216365326480958)	(3.0, 1.0946897593506855)	(4.0, 0.8372304675202474)	(5.0, 0.6984718182781785)	(6.0, 0.6682811697406534)	(7.0, 0.5900703900252589)	(8.0, 0.5382338381436539)	(9.0, 0.49582950261684533)	('>10', 10.697171892528774)	('>50', 6.172912587916591)	('>100', 10.708911801195157)	('>500', 2.047995432687358)	('>1k', 3.3389071165581723)	('>5k', 0.5833499780993145)	('>10k+', 0.48730203981661874)
highN4D2	(1.0, 61.96551725064048)	(2.0, 1.605481294844469)	(3.0, 0.891770925638643)	(4.0, 0.755955931086408)	(5.0, 0.7935147484472804)	(6.0, 0.7487093736113802)	(7.0, 0.6771337558648738)	(8.0, 0.7692317505314198)	(9.0, 0.7422679436180443)	('>10', 19.208255743492046)	('>50', 6.406471257599657)	('>100', 4.159554799796945)	('>500', 0.48735341996447007)	('>1k', 0.5631209235001451)	('>5k', 0.22566088136375226)	('>10k+', 0.0)
highN4D3	(1.0, 55.63659793238433)	(2.0, 3.1512888857737598)	(3.0, 1.3371629189050687)	(4.0, 0.8691400575439974)	(5.0, 0.6429341537416637)	(6.0, 0.5277751901013898)	(7.0, 0.4378860371290924)	(8.0, 0.38028857521308584)	(9.0, 0.3529629315429743)	('>10', 7.5257444433807)	('>50', 5.037579112145476)	('>100', 11.084796932054916)	('>500', 3.664473842783092)	('>1k', 3.9914673077435228)	('>5k', 1.6137975574711638)	('>10k+', 3.7461041220857556)
highN4D4	(1.0, 61.268035917363086)	(2.0, 1.7313095315295246)	(3.0, 1.0188608673833468)	(4.0, 0.9498326975651965)	(5.0, 0.9036203696179981)	(6.0, 0.9022037849400594)	(7.0, 0.8620691681547459)	(8.0, 0.8255043465442147)	(9.0, 0.8205210592122774)	('>10', 19.056363126897267)	('>50', 6.008002294191996)	('>100', 4.022578373988652)	('>500', 0.6868366667623188)	('>1k', 0.9442617958492981)	('>5k', 0.0)	('>10k+', 0.0)
highN4D5	(1.0, 61.18656909472371)	(2.0, 1.6873879291850569)	(3.0, 0.9842535257301795)	(4.0, 0.8835996492876858)	(5.0, 0.868967373826199)	(6.0, 0.755657520921969)	(7.0, 0.8090609214575304)	(8.0, 0.7740509649157854)	(9.0, 0.7898260131970024)	('>10', 19.116942303157206)	('>50', 6.286894437218367)	('>100', 4.320794665621566)	('>500', 0.5735947220411759)	('>1k', 0.9624008787165496)	('>5k', 0.0)	('>10k+', 0.0)
highN4D6	(1.0, 61.295813445741324)	(2.0, 1.6371187235192468)	(3.0, 0.9255071174364693)	(4.0, 0.8230873009488705)	(5.0, 0.8402992532648901)	(6.0, 0.8444660582725161)	(7.0, 0.7728743465333923)	(8.0, 0.7963087698136511)	(9.0, 0.7592300744849111)	('>10', 20.32897922121463)	('>50', 6.3032510155847685)	('>100', 3.75019632775323)	('>500', 0.3259046305454486)	('>1k', 0.5969637148867232)	('>5k', 0.0)	('>10k+', 0.0)
