Sample	0	1	2	3	4	5	6	7	8	9	10	11	12	13	14	15	16	17	18	19	20	21	22	23	24	25	26	27	28	29	30	31	32	33	34	35	36	37	38	39	40	41	42	43	44	45	46	47	48	49	50
LD1A1	(0, 1.0)	(2, 2.0)	(4, 30.0)	(6, 18.0)	(8, 26.0)	(10, 78.0)	(12, 449.0)	(14, 1137.0)	(16, 2403.0)	(18, 34940.0)	(20, 2148827.0)	(22, 2224.0)	(24, 40.0)	(26, 17.0)	(28, 3.0)	(30, 59.0)	(32, 17.0)	(34, 20.0)	(36, 88.0)	(38, 283.0)	(40, 291.0)	(42, 385.0)	(44, 173.0)	(46, 37.0)	(48, 72.0)	(50, 135.0)	(52, 1808.0)	(54, 3188.0)	(56, 2982.0)	(58, 1979.0)	(60, 272.0)	(62, 162.0)	(64, 39.0)	(66, 34.0)	(68, 35.0)	(70, 41.0)	(72, 328.0)	(74, 144.0)	(76, 2413.0)	(78, 4333.0)	(80, 10864.0)	(82, 73721.0)	(84, 884112.0)	(86, 272756.0)	(88, 263.0)	(90, 1331.0)	(92, 596.0)	(94, 3512.0)	(96, 14361.0)	(98, 145893.0)	(100, 359785.0)
LD1A2	(0, 1.0)	(2, 2.0)	(4, 58.0)	(6, 21.0)	(8, 18.0)	(10, 124.0)	(12, 476.0)	(14, 1093.0)	(16, 2624.0)	(18, 37279.0)	(20, 2188925.0)	(22, 2064.0)	(24, 48.0)	(26, 9.0)	(28, 6.0)	(30, 47.0)	(32, 19.0)	(34, 11.0)	(36, 86.0)	(38, 646.0)	(40, 206.0)	(42, 345.0)	(44, 137.0)	(46, 43.0)	(48, 42.0)	(50, 123.0)	(52, 1613.0)	(54, 2362.0)	(56, 580.0)	(58, 2162.0)	(60, 242.0)	(62, 240.0)	(64, 28.0)	(66, 30.0)	(68, 31.0)	(70, 58.0)	(72, 290.0)	(74, 108.0)	(76, 1602.0)	(78, 2910.0)	(80, 6651.0)	(82, 45349.0)	(84, 1066188.0)	(86, 382255.0)	(88, 266.0)	(90, 1705.0)	(92, 646.0)	(94, 4113.0)	(96, 16060.0)	(98, 178057.0)	(100, 427245.0)
LD1A3	(0, 1.0)	(2, 1.0)	(4, 24.0)	(6, 23.0)	(8, 23.0)	(10, 148.0)	(12, 354.0)	(14, 752.0)	(16, 2075.0)	(18, 27574.0)	(20, 1611873.0)	(22, 1544.0)	(24, 36.0)	(26, 5.0)	(28, 4.0)	(30, 38.0)	(32, 16.0)	(34, 23.0)	(36, 85.0)	(38, 1026.0)	(40, 191.0)	(42, 301.0)	(44, 104.0)	(46, 26.0)	(48, 21.0)	(50, 101.0)	(52, 1407.0)	(54, 2302.0)	(56, 572.0)	(58, 1777.0)	(60, 194.0)	(62, 218.0)	(64, 25.0)	(66, 35.0)	(68, 24.0)	(70, 38.0)	(72, 303.0)	(74, 117.0)	(76, 1433.0)	(78, 2697.0)	(80, 5951.0)	(82, 39400.0)	(84, 966469.0)	(86, 366957.0)	(88, 265.0)	(90, 1592.0)	(92, 598.0)	(94, 3844.0)	(96, 15195.0)	(98, 159234.0)	(100, 389338.0)
LD1A4	(0, 2.0)	(2, 1.0)	(4, 28.0)	(6, 40.0)	(8, 22.0)	(10, 167.0)	(12, 390.0)	(14, 705.0)	(16, 2438.0)	(18, 31646.0)	(20, 1872006.0)	(22, 1592.0)	(24, 42.0)	(26, 5.0)	(28, 2.0)	(30, 29.0)	(32, 29.0)	(34, 29.0)	(36, 135.0)	(38, 1141.0)	(40, 210.0)	(42, 392.0)	(44, 170.0)	(46, 36.0)	(48, 40.0)	(50, 173.0)	(52, 1532.0)	(54, 2820.0)	(56, 580.0)	(58, 2371.0)	(60, 326.0)	(62, 247.0)	(64, 32.0)	(66, 47.0)	(68, 44.0)	(70, 82.0)	(72, 383.0)	(74, 163.0)	(76, 1546.0)	(78, 2813.0)	(80, 6537.0)	(82, 43133.0)	(84, 1191992.0)	(86, 458694.0)	(88, 319.0)	(90, 2522.0)	(92, 832.0)	(94, 5637.0)	(96, 20873.0)	(98, 198660.0)	(100, 508493.0)
LD1A5	(0, 1.0)	(2, 0.0)	(4, 36.0)	(6, 21.0)	(8, 15.0)	(10, 198.0)	(12, 744.0)	(14, 535.0)	(16, 2283.0)	(18, 22397.0)	(20, 1691114.0)	(22, 1096.0)	(24, 44.0)	(26, 5.0)	(28, 5.0)	(30, 27.0)	(32, 12.0)	(34, 24.0)	(36, 142.0)	(38, 1653.0)	(40, 237.0)	(42, 421.0)	(44, 133.0)	(46, 41.0)	(48, 34.0)	(50, 138.0)	(52, 1447.0)	(54, 2214.0)	(56, 431.0)	(58, 2373.0)	(60, 189.0)	(62, 226.0)	(64, 27.0)	(66, 43.0)	(68, 38.0)	(70, 53.0)	(72, 501.0)	(74, 303.0)	(76, 1853.0)	(78, 3087.0)	(80, 7544.0)	(82, 47153.0)	(84, 1201118.0)	(86, 427991.0)	(88, 265.0)	(90, 2030.0)	(92, 764.0)	(94, 5013.0)	(96, 19341.0)	(98, 197118.0)	(100, 481306.0)
LD1A6	(0, 1.0)	(2, 2.0)	(4, 22.0)	(6, 28.0)	(8, 27.0)	(10, 67.0)	(12, 510.0)	(14, 1094.0)	(16, 2447.0)	(18, 36195.0)	(20, 2122833.0)	(22, 2021.0)	(24, 38.0)	(26, 12.0)	(28, 6.0)	(30, 49.0)	(32, 28.0)	(34, 16.0)	(36, 106.0)	(38, 361.0)	(40, 354.0)	(42, 630.0)	(44, 160.0)	(46, 44.0)	(48, 47.0)	(50, 119.0)	(52, 1594.0)	(54, 2283.0)	(56, 475.0)	(58, 2380.0)	(60, 282.0)	(62, 222.0)	(64, 32.0)	(66, 42.0)	(68, 35.0)	(70, 45.0)	(72, 279.0)	(74, 130.0)	(76, 1824.0)	(78, 3340.0)	(80, 7651.0)	(82, 44653.0)	(84, 977012.0)	(86, 362980.0)	(88, 244.0)	(90, 1833.0)	(92, 719.0)	(94, 4212.0)	(96, 17350.0)	(98, 162590.0)	(100, 396231.0)
LD1A7	(0, 2.0)	(2, 2.0)	(4, 16.0)	(6, 27.0)	(8, 13.0)	(10, 121.0)	(12, 292.0)	(14, 642.0)	(16, 1841.0)	(18, 24355.0)	(20, 1419453.0)	(22, 1261.0)	(24, 38.0)	(26, 6.0)	(28, 5.0)	(30, 28.0)	(32, 12.0)	(34, 24.0)	(36, 149.0)	(38, 1265.0)	(40, 231.0)	(42, 385.0)	(44, 118.0)	(46, 36.0)	(48, 42.0)	(50, 129.0)	(52, 1338.0)	(54, 2439.0)	(56, 773.0)	(58, 1734.0)	(60, 197.0)	(62, 200.0)	(64, 32.0)	(66, 34.0)	(68, 34.0)	(70, 62.0)	(72, 510.0)	(74, 310.0)	(76, 1751.0)	(78, 2781.0)	(80, 6784.0)	(82, 43654.0)	(84, 997199.0)	(86, 398688.0)	(88, 263.0)	(90, 1700.0)	(92, 640.0)	(94, 4738.0)	(96, 16874.0)	(98, 182760.0)	(100, 422737.0)
LD1B1	(0, 1.0)	(2, 0.0)	(4, 32.0)	(6, 25.0)	(8, 28.0)	(10, 70.0)	(12, 467.0)	(14, 943.0)	(16, 2044.0)	(18, 30471.0)	(20, 1715094.0)	(22, 1636.0)	(24, 42.0)	(26, 7.0)	(28, 9.0)	(30, 41.0)	(32, 20.0)	(34, 19.0)	(36, 66.0)	(38, 282.0)	(40, 260.0)	(42, 324.0)	(44, 176.0)	(46, 37.0)	(48, 30.0)	(50, 121.0)	(52, 1412.0)	(54, 1982.0)	(56, 354.0)	(58, 1937.0)	(60, 176.0)	(62, 197.0)	(64, 35.0)	(66, 32.0)	(68, 33.0)	(70, 32.0)	(72, 312.0)	(74, 120.0)	(76, 1977.0)	(78, 3479.0)	(80, 8616.0)	(82, 54491.0)	(84, 691623.0)	(86, 286273.0)	(88, 243.0)	(90, 1283.0)	(92, 562.0)	(94, 3263.0)	(96, 12281.0)	(98, 120790.0)	(100, 306775.0)
LD1B2	(4, 28.0)	(6, 21.0)	(8, 17.0)	(10, 117.0)	(12, 392.0)	(14, 834.0)	(16, 2058.0)	(18, 31228.0)	(20, 1811794.0)	(22, 1715.0)	(24, 41.0)	(26, 8.0)	(28, 1.0)	(30, 38.0)	(32, 20.0)	(34, 18.0)	(36, 69.0)	(38, 544.0)	(40, 181.0)	(42, 275.0)	(44, 109.0)	(46, 37.0)	(48, 30.0)	(50, 140.0)	(52, 1428.0)	(54, 2528.0)	(56, 592.0)	(58, 1755.0)	(60, 209.0)	(62, 203.0)	(64, 23.0)	(66, 24.0)	(68, 26.0)	(70, 50.0)	(72, 280.0)	(74, 118.0)	(76, 1258.0)	(78, 2522.0)	(80, 5451.0)	(82, 36697.0)	(84, 879402.0)	(86, 334166.0)	(88, 252.0)	(90, 1448.0)	(92, 636.0)	(94, 3368.0)	(96, 13272.0)	(98, 147562.0)	(100, 357095.0)		
LD1B3	(0, 2.0)	(2, 1.0)	(4, 24.0)	(6, 10.0)	(8, 21.0)	(10, 63.0)	(12, 359.0)	(14, 979.0)	(16, 1981.0)	(18, 27856.0)	(20, 1632635.0)	(22, 1639.0)	(24, 42.0)	(26, 5.0)	(28, 1.0)	(30, 47.0)	(32, 19.0)	(34, 15.0)	(36, 101.0)	(38, 982.0)	(40, 208.0)	(42, 276.0)	(44, 108.0)	(46, 28.0)	(48, 30.0)	(50, 115.0)	(52, 1299.0)	(54, 2418.0)	(56, 444.0)	(58, 1631.0)	(60, 178.0)	(62, 193.0)	(64, 25.0)	(66, 41.0)	(68, 30.0)	(70, 53.0)	(72, 298.0)	(74, 122.0)	(76, 1533.0)	(78, 2805.0)	(80, 6042.0)	(82, 38556.0)	(84, 962738.0)	(86, 359242.0)	(88, 236.0)	(90, 1680.0)	(92, 579.0)	(94, 3771.0)	(96, 14599.0)	(98, 156600.0)	(100, 386109.0)
LD1B4	(0, 2.0)	(2, 0.0)	(4, 28.0)	(6, 24.0)	(8, 6.0)	(10, 157.0)	(12, 718.0)	(14, 486.0)	(16, 1680.0)	(18, 22045.0)	(20, 1795563.0)	(22, 1016.0)	(24, 44.0)	(26, 13.0)	(28, 2.0)	(30, 20.0)	(32, 21.0)	(34, 25.0)	(36, 112.0)	(38, 1091.0)	(40, 195.0)	(42, 310.0)	(44, 151.0)	(46, 34.0)	(48, 48.0)	(50, 136.0)	(52, 1360.0)	(54, 2519.0)	(56, 333.0)	(58, 2137.0)	(60, 266.0)	(62, 217.0)	(64, 34.0)	(66, 41.0)	(68, 35.0)	(70, 26.0)	(72, 334.0)	(74, 152.0)	(76, 1347.0)	(78, 2338.0)	(80, 5601.0)	(82, 37349.0)	(84, 1071000.0)	(86, 405769.0)	(88, 264.0)	(90, 2331.0)	(92, 772.0)	(94, 4662.0)	(96, 18565.0)	(98, 174785.0)	(100, 451198.0)
LD1B5	(0, 2.0)	(2, 0.0)	(4, 42.0)	(6, 34.0)	(8, 30.0)	(10, 193.0)	(12, 327.0)	(14, 580.0)	(16, 2007.0)	(18, 26456.0)	(20, 1537020.0)	(22, 1324.0)	(24, 43.0)	(26, 8.0)	(28, 6.0)	(30, 39.0)	(32, 15.0)	(34, 26.0)	(36, 166.0)	(38, 1506.0)	(40, 240.0)	(42, 353.0)	(44, 121.0)	(46, 30.0)	(48, 39.0)	(50, 112.0)	(52, 1261.0)	(54, 2164.0)	(56, 445.0)	(58, 1860.0)	(60, 182.0)	(62, 185.0)	(64, 34.0)	(66, 37.0)	(68, 40.0)	(70, 53.0)	(72, 458.0)	(74, 278.0)	(76, 1538.0)	(78, 2554.0)	(80, 6231.0)	(82, 39500.0)	(84, 1029269.0)	(86, 375216.0)	(88, 277.0)	(90, 1916.0)	(92, 638.0)	(94, 4447.0)	(96, 16567.0)	(98, 168144.0)	(100, 417044.0)
LD1B6	(4, 37.0)	(6, 19.0)	(8, 42.0)	(10, 166.0)	(12, 422.0)	(14, 856.0)	(16, 2180.0)	(18, 32757.0)	(20, 1873607.0)	(22, 1624.0)	(24, 42.0)	(26, 4.0)	(28, 4.0)	(30, 44.0)	(32, 41.0)	(34, 14.0)	(36, 83.0)	(38, 287.0)	(40, 241.0)	(42, 538.0)	(44, 144.0)	(46, 36.0)	(48, 36.0)	(50, 116.0)	(52, 1400.0)	(54, 2272.0)	(56, 438.0)	(58, 2062.0)	(60, 207.0)	(62, 199.0)	(64, 31.0)	(66, 30.0)	(68, 32.0)	(70, 38.0)	(72, 267.0)	(74, 153.0)	(76, 1706.0)	(78, 3091.0)	(80, 7214.0)	(82, 40066.0)	(84, 870923.0)	(86, 322077.0)	(88, 235.0)	(90, 1759.0)	(92, 666.0)	(94, 3838.0)	(96, 15743.0)	(98, 144412.0)	(100, 352364.0)		
LD1B7	(0, 2.0)	(2, 1.0)	(4, 18.0)	(6, 19.0)	(8, 19.0)	(10, 126.0)	(12, 394.0)	(14, 775.0)	(16, 2012.0)	(18, 27368.0)	(20, 1601554.0)	(22, 1468.0)	(24, 35.0)	(26, 15.0)	(28, 2.0)	(30, 52.0)	(32, 35.0)	(34, 24.0)	(36, 176.0)	(38, 1439.0)	(40, 209.0)	(42, 380.0)	(44, 126.0)	(46, 48.0)	(48, 47.0)	(50, 155.0)	(52, 1498.0)	(54, 2632.0)	(56, 522.0)	(58, 1669.0)	(60, 197.0)	(62, 183.0)	(64, 27.0)	(66, 40.0)	(68, 44.0)	(70, 66.0)	(72, 539.0)	(74, 398.0)	(76, 1911.0)	(78, 2882.0)	(80, 7418.0)	(82, 46062.0)	(84, 1080609.0)	(86, 410879.0)	(88, 296.0)	(90, 1711.0)	(92, 727.0)	(94, 4742.0)	(96, 17331.0)	(98, 191949.0)	(100, 448217.0)
LD1C1	(2, 1.0)	(4, 51.0)	(6, 37.0)	(8, 40.0)	(10, 156.0)	(12, 550.0)	(14, 1146.0)	(16, 2940.0)	(18, 42528.0)	(20, 2490918.0)	(22, 2349.0)	(24, 69.0)	(26, 10.0)	(28, 6.0)	(30, 52.0)	(32, 20.0)	(34, 20.0)	(36, 101.0)	(38, 414.0)	(40, 404.0)	(42, 518.0)	(44, 250.0)	(46, 40.0)	(48, 50.0)	(50, 138.0)	(52, 1972.0)	(54, 2582.0)	(56, 453.0)	(58, 2872.0)	(60, 280.0)	(62, 291.0)	(64, 30.0)	(66, 33.0)	(68, 46.0)	(70, 62.0)	(72, 412.0)	(74, 161.0)	(76, 2820.0)	(78, 5187.0)	(80, 12821.0)	(82, 87338.0)	(84, 1005174.0)	(86, 409384.0)	(88, 375.0)	(90, 1786.0)	(92, 810.0)	(94, 4784.0)	(96, 17620.0)	(98, 176675.0)	(100, 444216.0)	
LD1C10	(4, 30.0)	(6, 14.0)	(8, 12.0)	(10, 176.0)	(12, 475.0)	(14, 313.0)	(16, 2050.0)	(18, 23664.0)	(20, 1918356.0)	(22, 986.0)	(24, 34.0)	(26, 5.0)	(28, 2.0)	(30, 24.0)	(32, 25.0)	(34, 12.0)	(36, 174.0)	(38, 1807.0)	(40, 257.0)	(42, 417.0)	(44, 182.0)	(46, 34.0)	(48, 30.0)	(50, 157.0)	(52, 1733.0)	(54, 3200.0)	(56, 296.0)	(58, 2407.0)	(60, 253.0)	(62, 245.0)	(64, 31.0)	(66, 36.0)	(68, 42.0)	(70, 54.0)	(72, 629.0)	(74, 355.0)	(76, 2342.0)	(78, 3847.0)	(80, 9704.0)	(82, 60351.0)	(84, 1510530.0)	(86, 608050.0)	(88, 292.0)	(90, 2897.0)	(92, 797.0)	(94, 6778.0)	(96, 25370.0)	(98, 254862.0)	(100, 616590.0)		
LD1C2	(0, 3.0)	(2, 1.0)	(4, 56.0)	(6, 27.0)	(8, 37.0)	(10, 205.0)	(12, 339.0)	(14, 817.0)	(16, 2458.0)	(18, 33315.0)	(20, 1968966.0)	(22, 1842.0)	(24, 41.0)	(26, 3.0)	(28, 9.0)	(30, 38.0)	(32, 28.0)	(34, 23.0)	(36, 88.0)	(38, 583.0)	(40, 228.0)	(42, 328.0)	(44, 146.0)	(46, 34.0)	(48, 26.0)	(50, 106.0)	(52, 1555.0)	(54, 2481.0)	(56, 535.0)	(58, 2021.0)	(60, 211.0)	(62, 225.0)	(64, 29.0)	(66, 38.0)	(68, 34.0)	(70, 47.0)	(72, 284.0)	(74, 125.0)	(76, 1478.0)	(78, 2726.0)	(80, 6106.0)	(82, 41156.0)	(84, 951990.0)	(86, 368312.0)	(88, 278.0)	(90, 1530.0)	(92, 625.0)	(94, 3874.0)	(96, 15062.0)	(98, 162781.0)	(100, 389532.0)
LD1C3	(0, 1.0)	(2, 0.0)	(4, 29.0)	(6, 20.0)	(8, 26.0)	(10, 79.0)	(12, 454.0)	(14, 1158.0)	(16, 2574.0)	(18, 36363.0)	(20, 2137702.0)	(22, 2163.0)	(24, 58.0)	(26, 14.0)	(28, 7.0)	(30, 47.0)	(32, 21.0)	(34, 26.0)	(36, 126.0)	(38, 1200.0)	(40, 269.0)	(42, 440.0)	(44, 148.0)	(46, 41.0)	(48, 40.0)	(50, 134.0)	(52, 1728.0)	(54, 2881.0)	(56, 605.0)	(58, 2365.0)	(60, 232.0)	(62, 277.0)	(64, 44.0)	(66, 56.0)	(68, 52.0)	(70, 71.0)	(72, 378.0)	(74, 181.0)	(76, 1933.0)	(78, 3727.0)	(80, 8014.0)	(82, 52576.0)	(84, 1278904.0)	(86, 491032.0)	(88, 318.0)	(90, 2090.0)	(92, 775.0)	(94, 5134.0)	(96, 20197.0)	(98, 211049.0)	(100, 514665.0)
LD1C4	(0, 1.0)	(2, 0.0)	(4, 28.0)	(6, 18.0)	(8, 26.0)	(10, 158.0)	(12, 358.0)	(14, 565.0)	(16, 2089.0)	(18, 27409.0)	(20, 1717244.0)	(22, 1353.0)	(24, 47.0)	(26, 4.0)	(28, 8.0)	(30, 18.0)	(32, 35.0)	(34, 31.0)	(36, 126.0)	(38, 1083.0)	(40, 225.0)	(42, 364.0)	(44, 168.0)	(46, 52.0)	(48, 55.0)	(50, 146.0)	(52, 1342.0)	(54, 2480.0)	(56, 395.0)	(58, 2305.0)	(60, 275.0)	(62, 251.0)	(64, 37.0)	(66, 44.0)	(68, 43.0)	(70, 58.0)	(72, 341.0)	(74, 158.0)	(76, 1406.0)	(78, 2560.0)	(80, 6186.0)	(82, 39454.0)	(84, 1083947.0)	(86, 427132.0)	(88, 294.0)	(90, 2315.0)	(92, 807.0)	(94, 5158.0)	(96, 19582.0)	(98, 181387.0)	(100, 466245.0)
LD1C5	(0, 4.0)	(2, 1.0)	(4, 21.0)	(6, 20.0)	(8, 35.0)	(10, 72.0)	(12, 450.0)	(14, 991.0)	(16, 2473.0)	(18, 32910.0)	(20, 1884520.0)	(22, 1757.0)	(24, 49.0)	(26, 6.0)	(28, 8.0)	(30, 39.0)	(32, 26.0)	(34, 25.0)	(36, 220.0)	(38, 1796.0)	(40, 311.0)	(42, 447.0)	(44, 168.0)	(46, 41.0)	(48, 49.0)	(50, 186.0)	(52, 1576.0)	(54, 2680.0)	(56, 437.0)	(58, 2628.0)	(60, 215.0)	(62, 283.0)	(64, 32.0)	(66, 49.0)	(68, 46.0)	(70, 60.0)	(72, 555.0)	(74, 329.0)	(76, 1968.0)	(78, 3461.0)	(80, 8284.0)	(82, 51715.0)	(84, 1290469.0)	(86, 497946.0)	(88, 346.0)	(90, 2559.0)	(92, 819.0)	(94, 6056.0)	(96, 21672.0)	(98, 218600.0)	(100, 535507.0)
LD1C6	(0, 2.0)	(2, 0.0)	(4, 39.0)	(6, 16.0)	(8, 31.0)	(10, 105.0)	(12, 457.0)	(14, 960.0)	(16, 2204.0)	(18, 33026.0)	(20, 1903536.0)	(22, 1719.0)	(24, 44.0)	(26, 9.0)	(28, 6.0)	(30, 36.0)	(32, 25.0)	(34, 23.0)	(36, 99.0)	(38, 317.0)	(40, 325.0)	(42, 658.0)	(44, 122.0)	(46, 37.0)	(48, 40.0)	(50, 123.0)	(52, 1389.0)	(54, 2126.0)	(56, 389.0)	(58, 2250.0)	(60, 272.0)	(62, 218.0)	(64, 32.0)	(66, 30.0)	(68, 38.0)	(70, 42.0)	(72, 275.0)	(74, 145.0)	(76, 1724.0)	(78, 3230.0)	(80, 7456.0)	(82, 41928.0)	(84, 876259.0)	(86, 341146.0)	(88, 249.0)	(90, 1781.0)	(92, 697.0)	(94, 3990.0)	(96, 16055.0)	(98, 148272.0)	(100, 362758.0)
LD1C7	(0, 1.0)	(2, 0.0)	(4, 24.0)	(6, 31.0)	(8, 20.0)	(10, 185.0)	(12, 406.0)	(14, 779.0)	(16, 2356.0)	(18, 30726.0)	(20, 1821941.0)	(22, 1636.0)	(24, 48.0)	(26, 4.0)	(28, 4.0)	(30, 45.0)	(32, 23.0)	(34, 27.0)	(36, 230.0)	(38, 1666.0)	(40, 323.0)	(42, 542.0)	(44, 167.0)	(46, 63.0)	(48, 46.0)	(50, 171.0)	(52, 1671.0)	(54, 2789.0)	(56, 470.0)	(58, 2289.0)	(60, 248.0)	(62, 244.0)	(64, 32.0)	(66, 41.0)	(68, 42.0)	(70, 86.0)	(72, 633.0)	(74, 429.0)	(76, 2251.0)	(78, 3499.0)	(80, 9102.0)	(82, 56452.0)	(84, 1295041.0)	(86, 516852.0)	(88, 402.0)	(90, 2194.0)	(92, 867.0)	(94, 6080.0)	(96, 21848.0)	(98, 236090.0)	(100, 547397.0)
LD1C8	(0, 2.0)	(2, 1.0)	(4, 7.0)	(6, 4.0)	(8, 12.0)	(10, 62.0)	(12, 391.0)	(14, 129.0)	(16, 826.0)	(18, 11782.0)	(20, 1159803.0)	(22, 518.0)	(24, 39.0)	(26, 4.0)	(28, 5.0)	(30, 19.0)	(32, 15.0)	(34, 21.0)	(36, 138.0)	(38, 1066.0)	(40, 155.0)	(42, 288.0)	(44, 110.0)	(46, 28.0)	(48, 20.0)	(50, 129.0)	(52, 1070.0)	(54, 2124.0)	(56, 203.0)	(58, 1615.0)	(60, 231.0)	(62, 179.0)	(64, 15.0)	(66, 38.0)	(68, 28.0)	(70, 47.0)	(72, 433.0)	(74, 228.0)	(76, 1336.0)	(78, 2027.0)	(80, 5397.0)	(82, 33222.0)	(84, 1017146.0)	(86, 375373.0)	(88, 189.0)	(90, 2129.0)	(92, 680.0)	(94, 4801.0)	(96, 18267.0)	(98, 163557.0)	(100, 445970.0)
LD1C9	(4, 66.0)	(6, 30.0)	(8, 29.0)	(10, 213.0)	(12, 371.0)	(14, 669.0)	(16, 2353.0)	(18, 30177.0)	(20, 1779600.0)	(22, 1566.0)	(24, 41.0)	(26, 7.0)	(28, 5.0)	(30, 40.0)	(32, 14.0)	(34, 16.0)	(36, 143.0)	(38, 1482.0)	(40, 223.0)	(42, 385.0)	(44, 158.0)	(46, 39.0)	(48, 25.0)	(50, 173.0)	(52, 1331.0)	(54, 3055.0)	(56, 390.0)	(58, 2212.0)	(60, 303.0)	(62, 258.0)	(64, 39.0)	(66, 35.0)	(68, 52.0)	(70, 67.0)	(72, 472.0)	(74, 198.0)	(76, 1658.0)	(78, 2811.0)	(80, 6674.0)	(82, 44629.0)	(84, 1216277.0)	(86, 488787.0)	(88, 348.0)	(90, 2829.0)	(92, 918.0)	(94, 5898.0)	(96, 21617.0)	(98, 202148.0)	(100, 538512.0)		
LD1D1	(0, 1.0)	(2, 0.0)	(4, 33.0)	(6, 54.0)	(8, 14.0)	(10, 185.0)	(12, 867.0)	(14, 701.0)	(16, 2334.0)	(18, 29691.0)	(20, 2535232.0)	(22, 1353.0)	(24, 55.0)	(26, 11.0)	(28, 11.0)	(30, 20.0)	(32, 20.0)	(34, 16.0)	(36, 102.0)	(38, 420.0)	(40, 349.0)	(42, 495.0)	(44, 210.0)	(46, 62.0)	(48, 32.0)	(50, 127.0)	(52, 1891.0)	(54, 2185.0)	(56, 359.0)	(58, 3310.0)	(60, 231.0)	(62, 293.0)	(64, 31.0)	(66, 42.0)	(68, 23.0)	(70, 44.0)	(72, 315.0)	(74, 161.0)	(76, 2434.0)	(78, 4365.0)	(80, 11093.0)	(82, 74289.0)	(84, 917341.0)	(86, 385560.0)	(88, 227.0)	(90, 1657.0)	(92, 728.0)	(94, 4149.0)	(96, 16732.0)	(98, 162313.0)	(100, 417654.0)
LD1D10	(0, 1.0)	(2, 2.0)	(4, 26.0)	(6, 31.0)	(8, 33.0)	(10, 160.0)	(12, 490.0)	(14, 816.0)	(16, 2339.0)	(18, 31956.0)	(20, 1802249.0)	(22, 1690.0)	(24, 34.0)	(26, 5.0)	(28, 2.0)	(30, 49.0)	(32, 22.0)	(34, 18.0)	(36, 148.0)	(38, 1708.0)	(40, 258.0)	(42, 404.0)	(44, 119.0)	(46, 31.0)	(48, 19.0)	(50, 130.0)	(52, 1452.0)	(54, 2894.0)	(56, 347.0)	(58, 2377.0)	(60, 286.0)	(62, 267.0)	(64, 29.0)	(66, 62.0)	(68, 47.0)	(70, 69.0)	(72, 610.0)	(74, 303.0)	(76, 2084.0)	(78, 3477.0)	(80, 8701.0)	(82, 54557.0)	(84, 1372070.0)	(86, 538014.0)	(88, 318.0)	(90, 2650.0)	(92, 772.0)	(94, 6219.0)	(96, 23168.0)	(98, 230090.0)	(100, 565849.0)
LD1D2	(4, 61.0)	(6, 32.0)	(8, 26.0)	(10, 204.0)	(12, 426.0)	(14, 794.0)	(16, 2615.0)	(18, 35994.0)	(20, 2117176.0)	(22, 1895.0)	(24, 54.0)	(26, 9.0)	(28, 4.0)	(30, 42.0)	(32, 17.0)	(34, 17.0)	(36, 100.0)	(38, 656.0)	(40, 266.0)	(42, 357.0)	(44, 144.0)	(46, 43.0)	(48, 40.0)	(50, 112.0)	(52, 1600.0)	(54, 2569.0)	(56, 354.0)	(58, 2329.0)	(60, 248.0)	(62, 275.0)	(64, 19.0)	(66, 32.0)	(68, 32.0)	(70, 51.0)	(72, 288.0)	(74, 130.0)	(76, 1393.0)	(78, 2741.0)	(80, 6338.0)	(82, 42399.0)	(84, 996350.0)	(86, 391426.0)	(88, 272.0)	(90, 1627.0)	(92, 660.0)	(94, 3951.0)	(96, 15905.0)	(98, 170086.0)	(100, 414611.0)		
LD1D3	(4, 25.0)	(6, 28.0)	(8, 22.0)	(10, 65.0)	(12, 402.0)	(14, 913.0)	(16, 2236.0)	(18, 31185.0)	(20, 1772839.0)	(22, 1834.0)	(24, 57.0)	(26, 14.0)	(28, 4.0)	(30, 37.0)	(32, 18.0)	(34, 16.0)	(36, 126.0)	(38, 1027.0)	(40, 227.0)	(42, 297.0)	(44, 135.0)	(46, 43.0)	(48, 35.0)	(50, 124.0)	(52, 1436.0)	(54, 2662.0)	(56, 537.0)	(58, 1977.0)	(60, 230.0)	(62, 242.0)	(64, 24.0)	(66, 32.0)	(68, 47.0)	(70, 46.0)	(72, 341.0)	(74, 138.0)	(76, 1522.0)	(78, 2984.0)	(80, 6604.0)	(82, 42050.0)	(84, 1046581.0)	(86, 414807.0)	(88, 285.0)	(90, 1851.0)	(92, 669.0)	(94, 4460.0)	(96, 16710.0)	(98, 174130.0)	(100, 430628.0)		
LD1D4	(0, 1.0)	(2, 0.0)	(4, 30.0)	(6, 22.0)	(8, 34.0)	(10, 161.0)	(12, 405.0)	(14, 764.0)	(16, 2287.0)	(18, 31285.0)	(20, 1802740.0)	(22, 1600.0)	(24, 36.0)	(26, 16.0)	(28, 5.0)	(30, 48.0)	(32, 31.0)	(34, 40.0)	(36, 141.0)	(38, 1143.0)	(40, 240.0)	(42, 368.0)	(44, 146.0)	(46, 35.0)	(48, 43.0)	(50, 151.0)	(52, 1396.0)	(54, 2907.0)	(56, 735.0)	(58, 2334.0)	(60, 300.0)	(62, 290.0)	(64, 36.0)	(66, 51.0)	(68, 55.0)	(70, 65.0)	(72, 339.0)	(74, 183.0)	(76, 1480.0)	(78, 2667.0)	(80, 6260.0)	(82, 40269.0)	(84, 1131640.0)	(86, 442459.0)	(88, 287.0)	(90, 2495.0)	(92, 886.0)	(94, 5564.0)	(96, 20376.0)	(98, 189228.0)	(100, 487540.0)
LD1D5	(0, 2.0)	(2, 0.0)	(4, 31.0)	(6, 23.0)	(8, 27.0)	(10, 75.0)	(12, 476.0)	(14, 1022.0)	(16, 2561.0)	(18, 33644.0)	(20, 1905181.0)	(22, 1895.0)	(24, 60.0)	(26, 5.0)	(28, 13.0)	(30, 51.0)	(32, 19.0)	(34, 30.0)	(36, 210.0)	(38, 1847.0)	(40, 293.0)	(42, 493.0)	(44, 178.0)	(46, 50.0)	(48, 41.0)	(50, 169.0)	(52, 1495.0)	(54, 2822.0)	(56, 479.0)	(58, 2695.0)	(60, 257.0)	(62, 300.0)	(64, 42.0)	(66, 52.0)	(68, 39.0)	(70, 70.0)	(72, 617.0)	(74, 300.0)	(76, 1951.0)	(78, 3337.0)	(80, 8177.0)	(82, 50836.0)	(84, 1301241.0)	(86, 510017.0)	(88, 367.0)	(90, 2510.0)	(92, 881.0)	(94, 6045.0)	(96, 22401.0)	(98, 220536.0)	(100, 547305.0)
LD1D6	(0, 2.0)	(2, 1.0)	(4, 51.0)	(6, 39.0)	(8, 36.0)	(10, 200.0)	(12, 591.0)	(14, 943.0)	(16, 2539.0)	(18, 39327.0)	(20, 2221309.0)	(22, 2003.0)	(24, 69.0)	(26, 7.0)	(28, 5.0)	(30, 55.0)	(32, 22.0)	(34, 22.0)	(36, 95.0)	(38, 369.0)	(40, 358.0)	(42, 683.0)	(44, 137.0)	(46, 42.0)	(48, 47.0)	(50, 132.0)	(52, 1620.0)	(54, 2630.0)	(56, 430.0)	(58, 2599.0)	(60, 288.0)	(62, 269.0)	(64, 27.0)	(66, 41.0)	(68, 34.0)	(70, 45.0)	(72, 322.0)	(74, 177.0)	(76, 1825.0)	(78, 3526.0)	(80, 8100.0)	(82, 46618.0)	(84, 1012823.0)	(86, 397091.0)	(88, 303.0)	(90, 2042.0)	(92, 797.0)	(94, 4830.0)	(96, 18552.0)	(98, 171421.0)	(100, 420206.0)
LD1D7	(0, 2.0)	(2, 4.0)	(4, 31.0)	(6, 50.0)	(8, 19.0)	(10, 256.0)	(12, 413.0)	(14, 666.0)	(16, 2151.0)	(18, 30330.0)	(20, 1740642.0)	(22, 1501.0)	(24, 41.0)	(26, 11.0)	(28, 3.0)	(30, 38.0)	(32, 27.0)	(34, 29.0)	(36, 193.0)	(38, 1585.0)	(40, 266.0)	(42, 487.0)	(44, 181.0)	(46, 47.0)	(48, 38.0)	(50, 161.0)	(52, 1649.0)	(54, 2764.0)	(56, 406.0)	(58, 2134.0)	(60, 223.0)	(62, 194.0)	(64, 32.0)	(66, 38.0)	(68, 45.0)	(70, 71.0)	(72, 607.0)	(74, 396.0)	(76, 2160.0)	(78, 3406.0)	(80, 8608.0)	(82, 53475.0)	(84, 1235347.0)	(86, 501340.0)	(88, 335.0)	(90, 2077.0)	(92, 893.0)	(94, 5942.0)	(96, 21283.0)	(98, 227692.0)	(100, 530731.0)
LD1D8	(0, 1.0)	(2, 1.0)	(4, 31.0)	(6, 29.0)	(8, 29.0)	(10, 134.0)	(12, 427.0)	(14, 763.0)	(16, 2430.0)	(18, 30670.0)	(20, 1765335.0)	(22, 1627.0)	(24, 30.0)	(26, 10.0)	(28, 8.0)	(30, 44.0)	(32, 27.0)	(34, 43.0)	(36, 239.0)	(38, 1778.0)	(40, 223.0)	(42, 412.0)	(44, 168.0)	(46, 48.0)	(48, 53.0)	(50, 172.0)	(52, 1494.0)	(54, 3433.0)	(56, 406.0)	(58, 2672.0)	(60, 383.0)	(62, 258.0)	(64, 39.0)	(66, 67.0)	(68, 46.0)	(70, 79.0)	(72, 610.0)	(74, 317.0)	(76, 1895.0)	(78, 2993.0)	(80, 7375.0)	(82, 48164.0)	(84, 1458106.0)	(86, 550390.0)	(88, 378.0)	(90, 3094.0)	(92, 1068.0)	(94, 7684.0)	(96, 27336.0)	(98, 240483.0)	(100, 658932.0)
LD1D9	(0, 4.0)	(2, 2.0)	(4, 68.0)	(6, 26.0)	(8, 15.0)	(10, 299.0)	(12, 500.0)	(14, 511.0)	(16, 2047.0)	(18, 30452.0)	(20, 2105058.0)	(22, 1464.0)	(24, 51.0)	(26, 8.0)	(28, 6.0)	(30, 26.0)	(32, 20.0)	(34, 17.0)	(36, 135.0)	(38, 1853.0)	(40, 248.0)	(42, 439.0)	(44, 167.0)	(46, 33.0)	(48, 47.0)	(50, 154.0)	(52, 1579.0)	(54, 2938.0)	(56, 382.0)	(58, 2689.0)	(60, 328.0)	(62, 254.0)	(64, 38.0)	(66, 48.0)	(68, 40.0)	(70, 60.0)	(72, 461.0)	(74, 223.0)	(76, 1641.0)	(78, 3115.0)	(80, 7254.0)	(82, 49460.0)	(84, 1382504.0)	(86, 513816.0)	(88, 277.0)	(90, 3071.0)	(92, 896.0)	(94, 6304.0)	(96, 24519.0)	(98, 226741.0)	(100, 599731.0)
O22A1	(0, 3.0)	(2, 0.0)	(4, 39.0)	(6, 32.0)	(8, 29.0)	(10, 81.0)	(12, 464.0)	(14, 1096.0)	(16, 2398.0)	(18, 35437.0)	(20, 2058411.0)	(22, 2060.0)	(24, 43.0)	(26, 6.0)	(28, 5.0)	(30, 33.0)	(32, 12.0)	(34, 18.0)	(36, 70.0)	(38, 318.0)	(40, 267.0)	(42, 356.0)	(44, 156.0)	(46, 29.0)	(48, 34.0)	(50, 106.0)	(52, 1686.0)	(54, 2191.0)	(56, 409.0)	(58, 2429.0)	(60, 221.0)	(62, 214.0)	(64, 27.0)	(66, 46.0)	(68, 24.0)	(70, 49.0)	(72, 328.0)	(74, 150.0)	(76, 2251.0)	(78, 4219.0)	(80, 10200.0)	(82, 66462.0)	(84, 826435.0)	(86, 326261.0)	(88, 293.0)	(90, 1486.0)	(92, 635.0)	(94, 3842.0)	(96, 14503.0)	(98, 143940.0)	(100, 366672.0)
O22A2	(0, 2.0)	(2, 0.0)	(4, 22.0)	(6, 15.0)	(8, 12.0)	(10, 139.0)	(12, 274.0)	(14, 896.0)	(16, 2502.0)	(18, 32040.0)	(20, 2010728.0)	(22, 1856.0)	(24, 52.0)	(26, 6.0)	(28, 5.0)	(30, 37.0)	(32, 22.0)	(34, 22.0)	(36, 95.0)	(38, 566.0)	(40, 195.0)	(42, 358.0)	(44, 124.0)	(46, 24.0)	(48, 33.0)	(50, 132.0)	(52, 1596.0)	(54, 3118.0)	(56, 1266.0)	(58, 2023.0)	(60, 190.0)	(62, 220.0)	(64, 35.0)	(66, 30.0)	(68, 33.0)	(70, 48.0)	(72, 267.0)	(74, 144.0)	(76, 1397.0)	(78, 2580.0)	(80, 5878.0)	(82, 39407.0)	(84, 949114.0)	(86, 354750.0)	(88, 277.0)	(90, 1623.0)	(92, 592.0)	(94, 3797.0)	(96, 14847.0)	(98, 160631.0)	(100, 392319.0)
O22A3	(0, 2.0)	(2, 1.0)	(4, 19.0)	(6, 7.0)	(8, 12.0)	(10, 249.0)	(12, 190.0)	(14, 258.0)	(16, 1833.0)	(18, 17207.0)	(20, 1423231.0)	(22, 943.0)	(24, 41.0)	(26, 8.0)	(28, 5.0)	(30, 18.0)	(32, 18.0)	(34, 15.0)	(36, 57.0)	(38, 827.0)	(40, 171.0)	(42, 283.0)	(44, 110.0)	(46, 27.0)	(48, 18.0)	(50, 110.0)	(52, 1111.0)	(54, 2122.0)	(56, 407.0)	(58, 1687.0)	(60, 169.0)	(62, 177.0)	(64, 24.0)	(66, 27.0)	(68, 23.0)	(70, 30.0)	(72, 243.0)	(74, 103.0)	(76, 1180.0)	(78, 2310.0)	(80, 5099.0)	(82, 32414.0)	(84, 833082.0)	(86, 326547.0)	(88, 174.0)	(90, 1438.0)	(92, 464.0)	(94, 3302.0)	(96, 13333.0)	(98, 138429.0)	(100, 343047.0)
O22A4	(0, 2.0)	(2, 0.0)	(4, 3.0)	(6, 3.0)	(8, 2.0)	(10, 78.0)	(12, 315.0)	(14, 148.0)	(16, 746.0)	(18, 9545.0)	(20, 1243042.0)	(22, 418.0)	(24, 46.0)	(26, 3.0)	(28, 2.0)	(30, 17.0)	(32, 13.0)	(34, 14.0)	(36, 61.0)	(38, 764.0)	(40, 147.0)	(42, 212.0)	(44, 103.0)	(46, 30.0)	(48, 23.0)	(50, 97.0)	(52, 930.0)	(54, 1654.0)	(56, 215.0)	(58, 1612.0)	(60, 150.0)	(62, 155.0)	(64, 15.0)	(66, 21.0)	(68, 18.0)	(70, 26.0)	(72, 205.0)	(74, 93.0)	(76, 850.0)	(78, 1574.0)	(80, 3848.0)	(82, 24670.0)	(84, 726882.0)	(86, 284239.0)	(88, 118.0)	(90, 1517.0)	(92, 491.0)	(94, 3326.0)	(96, 13056.0)	(98, 121015.0)	(100, 314215.0)
O22A5	(4, 12.0)	(6, 14.0)	(8, 10.0)	(10, 63.0)	(12, 273.0)	(14, 709.0)	(16, 1801.0)	(18, 23050.0)	(20, 1346905.0)	(22, 1311.0)	(24, 37.0)	(26, 6.0)	(28, 2.0)	(30, 28.0)	(32, 13.0)	(34, 20.0)	(36, 114.0)	(38, 1257.0)	(40, 201.0)	(42, 289.0)	(44, 122.0)	(46, 37.0)	(48, 30.0)	(50, 124.0)	(52, 1075.0)	(54, 2028.0)	(56, 343.0)	(58, 1853.0)	(60, 164.0)	(62, 199.0)	(64, 37.0)	(66, 34.0)	(68, 33.0)	(70, 41.0)	(72, 360.0)	(74, 226.0)	(76, 1347.0)	(78, 2319.0)	(80, 5772.0)	(82, 34907.0)	(84, 911763.0)	(86, 350255.0)	(88, 244.0)	(90, 1724.0)	(92, 640.0)	(94, 4415.0)	(96, 15541.0)	(98, 152703.0)	(100, 382597.0)		
O22A6	(4, 26.0)	(6, 14.0)	(8, 18.0)	(10, 122.0)	(12, 398.0)	(14, 720.0)	(16, 1920.0)	(18, 27688.0)	(20, 1630643.0)	(22, 1489.0)	(24, 52.0)	(26, 5.0)	(28, 1.0)	(30, 49.0)	(32, 16.0)	(34, 19.0)	(36, 65.0)	(38, 229.0)	(40, 235.0)	(42, 467.0)	(44, 123.0)	(46, 19.0)	(48, 33.0)	(50, 100.0)	(52, 1173.0)	(54, 1890.0)	(56, 324.0)	(58, 1950.0)	(60, 208.0)	(62, 196.0)	(64, 23.0)	(66, 17.0)	(68, 34.0)	(70, 40.0)	(72, 215.0)	(74, 118.0)	(76, 1383.0)	(78, 2452.0)	(80, 5854.0)	(82, 33073.0)	(84, 737286.0)	(86, 288486.0)	(88, 177.0)	(90, 1524.0)	(92, 589.0)	(94, 3471.0)	(96, 13623.0)	(98, 124629.0)	(100, 308849.0)		
O22A7	(4, 15.0)	(6, 10.0)	(8, 14.0)	(10, 392.0)	(12, 249.0)	(14, 282.0)	(16, 2079.0)	(18, 21137.0)	(20, 1515729.0)	(22, 1006.0)	(24, 33.0)	(26, 5.0)	(28, 4.0)	(30, 24.0)	(32, 18.0)	(34, 27.0)	(36, 183.0)	(38, 1329.0)	(40, 206.0)	(42, 353.0)	(44, 111.0)	(46, 29.0)	(48, 35.0)	(50, 130.0)	(52, 1413.0)	(54, 2416.0)	(56, 353.0)	(58, 1729.0)	(60, 169.0)	(62, 204.0)	(64, 41.0)	(66, 45.0)	(68, 39.0)	(70, 56.0)	(72, 584.0)	(74, 308.0)	(76, 1748.0)	(78, 2794.0)	(80, 7438.0)	(82, 44124.0)	(84, 1052320.0)	(86, 423779.0)	(88, 231.0)	(90, 1804.0)	(92, 694.0)	(94, 4862.0)	(96, 18132.0)	(98, 191814.0)	(100, 454311.0)		
O22A8	(4, 6.0)	(6, 5.0)	(8, 13.0)	(10, 165.0)	(12, 650.0)	(14, 93.0)	(16, 921.0)	(18, 10110.0)	(20, 1017777.0)	(22, 389.0)	(24, 30.0)	(26, 4.0)	(28, 6.0)	(30, 10.0)	(32, 18.0)	(34, 9.0)	(36, 112.0)	(38, 932.0)	(40, 152.0)	(42, 214.0)	(44, 103.0)	(46, 22.0)	(48, 30.0)	(50, 110.0)	(52, 952.0)	(54, 2113.0)	(56, 204.0)	(58, 1441.0)	(60, 185.0)	(62, 158.0)	(64, 24.0)	(66, 35.0)	(68, 24.0)	(70, 29.0)	(72, 321.0)	(74, 179.0)	(76, 1136.0)	(78, 1694.0)	(80, 4520.0)	(82, 27810.0)	(84, 850600.0)	(86, 331816.0)	(88, 165.0)	(90, 1832.0)	(92, 577.0)	(94, 4322.0)	(96, 16241.0)	(98, 140241.0)	(100, 390453.0)		
O22B1	(4, 11.0)	(6, 17.0)	(8, 11.0)	(10, 234.0)	(12, 623.0)	(14, 234.0)	(16, 1520.0)	(18, 18858.0)	(20, 2000936.0)	(22, 784.0)	(24, 54.0)	(26, 10.0)	(28, 1.0)	(30, 13.0)	(32, 18.0)	(34, 17.0)	(36, 75.0)	(38, 322.0)	(40, 305.0)	(42, 425.0)	(44, 201.0)	(46, 43.0)	(48, 31.0)	(50, 108.0)	(52, 1501.0)	(54, 1623.0)	(56, 334.0)	(58, 2631.0)	(60, 160.0)	(62, 180.0)	(64, 26.0)	(66, 26.0)	(68, 25.0)	(70, 26.0)	(72, 273.0)	(74, 113.0)	(76, 1714.0)	(78, 3064.0)	(80, 8348.0)	(82, 56395.0)	(84, 696378.0)	(86, 294081.0)	(88, 172.0)	(90, 1251.0)	(92, 519.0)	(94, 3255.0)	(96, 12869.0)	(98, 125345.0)	(100, 320902.0)		
O22B2	(0, 1.0)	(2, 1.0)	(4, 35.0)	(6, 15.0)	(8, 17.0)	(10, 468.0)	(12, 266.0)	(14, 424.0)	(16, 2283.0)	(18, 27856.0)	(20, 1913058.0)	(22, 1286.0)	(24, 33.0)	(26, 9.0)	(28, 6.0)	(30, 21.0)	(32, 25.0)	(34, 17.0)	(36, 109.0)	(38, 628.0)	(40, 211.0)	(42, 354.0)	(44, 138.0)	(46, 41.0)	(48, 30.0)	(50, 122.0)	(52, 1442.0)	(54, 2515.0)	(56, 428.0)	(58, 2022.0)	(60, 227.0)	(62, 210.0)	(64, 36.0)	(66, 47.0)	(68, 28.0)	(70, 37.0)	(72, 288.0)	(74, 108.0)	(76, 1279.0)	(78, 2581.0)	(80, 5554.0)	(82, 38141.0)	(84, 901571.0)	(86, 359567.0)	(88, 228.0)	(90, 1560.0)	(92, 603.0)	(94, 3585.0)	(96, 14368.0)	(98, 155302.0)	(100, 375744.0)
O22B3	(0, 1.0)	(2, 0.0)	(4, 26.0)	(6, 20.0)	(8, 5.0)	(10, 117.0)	(12, 290.0)	(14, 723.0)	(16, 1970.0)	(18, 26230.0)	(20, 1553564.0)	(22, 1473.0)	(24, 35.0)	(26, 7.0)	(28, 4.0)	(30, 37.0)	(32, 13.0)	(34, 11.0)	(36, 94.0)	(38, 894.0)	(40, 204.0)	(42, 303.0)	(44, 116.0)	(46, 29.0)	(48, 25.0)	(50, 122.0)	(52, 1209.0)	(54, 2271.0)	(56, 366.0)	(58, 1731.0)	(60, 180.0)	(62, 185.0)	(64, 26.0)	(66, 36.0)	(68, 34.0)	(70, 38.0)	(72, 277.0)	(74, 118.0)	(76, 1372.0)	(78, 2551.0)	(80, 5718.0)	(82, 37230.0)	(84, 924806.0)	(86, 367224.0)	(88, 240.0)	(90, 1530.0)	(92, 593.0)	(94, 3918.0)	(96, 14894.0)	(98, 153902.0)	(100, 379267.0)
O22B4	(0, 2.0)	(2, 0.0)	(4, 16.0)	(6, 25.0)	(8, 21.0)	(10, 54.0)	(12, 364.0)	(14, 713.0)	(16, 1842.0)	(18, 25412.0)	(20, 1492374.0)	(22, 1484.0)	(24, 25.0)	(26, 12.0)	(28, 2.0)	(30, 48.0)	(32, 21.0)	(34, 32.0)	(36, 130.0)	(38, 953.0)	(40, 197.0)	(42, 280.0)	(44, 132.0)	(46, 33.0)	(48, 49.0)	(50, 144.0)	(52, 1177.0)	(54, 2175.0)	(56, 323.0)	(58, 1812.0)	(60, 240.0)	(62, 184.0)	(64, 32.0)	(66, 36.0)	(68, 41.0)	(70, 67.0)	(72, 297.0)	(74, 118.0)	(76, 1234.0)	(78, 2300.0)	(80, 5248.0)	(82, 34026.0)	(84, 944519.0)	(86, 359961.0)	(88, 227.0)	(90, 1890.0)	(92, 714.0)	(94, 4429.0)	(96, 16746.0)	(98, 156768.0)	(100, 402135.0)
O22B5	(0, 1.0)	(2, 0.0)	(4, 9.0)	(6, 0.0)	(8, 2.0)	(10, 103.0)	(12, 123.0)	(14, 152.0)	(16, 1156.0)	(18, 12480.0)	(20, 1265530.0)	(22, 540.0)	(24, 34.0)	(26, 3.0)	(28, 4.0)	(30, 16.0)	(32, 19.0)	(34, 21.0)	(36, 123.0)	(38, 1145.0)	(40, 205.0)	(42, 300.0)	(44, 111.0)	(46, 38.0)	(48, 36.0)	(50, 114.0)	(52, 1066.0)	(54, 1747.0)	(56, 270.0)	(58, 1920.0)	(60, 138.0)	(62, 199.0)	(64, 27.0)	(66, 23.0)	(68, 27.0)	(70, 33.0)	(72, 327.0)	(74, 183.0)	(76, 1262.0)	(78, 2090.0)	(80, 5521.0)	(82, 33449.0)	(84, 874418.0)	(86, 336202.0)	(88, 174.0)	(90, 1590.0)	(92, 557.0)	(94, 3834.0)	(96, 14751.0)	(98, 144871.0)	(100, 358853.0)
O22B6	(0, 2.0)	(2, 2.0)	(4, 35.0)	(6, 17.0)	(8, 20.0)	(10, 293.0)	(12, 167.0)	(14, 363.0)	(16, 2127.0)	(18, 25231.0)	(20, 1841554.0)	(22, 1174.0)	(24, 53.0)	(26, 15.0)	(28, 5.0)	(30, 13.0)	(32, 15.0)	(34, 32.0)	(36, 98.0)	(38, 253.0)	(40, 295.0)	(42, 536.0)	(44, 129.0)	(46, 36.0)	(48, 36.0)	(50, 107.0)	(52, 1286.0)	(54, 2127.0)	(56, 479.0)	(58, 2206.0)	(60, 247.0)	(62, 196.0)	(64, 44.0)	(66, 28.0)	(68, 31.0)	(70, 31.0)	(72, 281.0)	(74, 107.0)	(76, 1478.0)	(78, 2739.0)	(80, 6567.0)	(82, 37464.0)	(84, 827660.0)	(86, 312705.0)	(88, 212.0)	(90, 1632.0)	(92, 611.0)	(94, 3599.0)	(96, 14892.0)	(98, 138297.0)	(100, 338831.0)
O22B7	(0, 3.0)	(2, 0.0)	(4, 20.0)	(6, 13.0)	(8, 18.0)	(10, 90.0)	(12, 253.0)	(14, 571.0)	(16, 1754.0)	(18, 22562.0)	(20, 1393049.0)	(22, 1261.0)	(24, 29.0)	(26, 3.0)	(28, 2.0)	(30, 41.0)	(32, 23.0)	(34, 20.0)	(36, 153.0)	(38, 1212.0)	(40, 222.0)	(42, 403.0)	(44, 94.0)	(46, 41.0)	(48, 44.0)	(50, 126.0)	(52, 1308.0)	(54, 2216.0)	(56, 431.0)	(58, 1736.0)	(60, 177.0)	(62, 176.0)	(64, 28.0)	(66, 35.0)	(68, 41.0)	(70, 56.0)	(72, 498.0)	(74, 310.0)	(76, 1681.0)	(78, 2610.0)	(80, 6661.0)	(82, 42139.0)	(84, 975861.0)	(86, 383221.0)	(88, 244.0)	(90, 1561.0)	(92, 742.0)	(94, 4539.0)	(96, 16728.0)	(98, 177997.0)	(100, 412130.0)
O22B8	(0, 6.0)	(2, 0.0)	(4, 12.0)	(6, 16.0)	(8, 4.0)	(10, 26.0)	(12, 146.0)	(14, 540.0)	(16, 1535.0)	(18, 18413.0)	(20, 1147435.0)	(22, 1126.0)	(24, 23.0)	(26, 20.0)	(28, 4.0)	(30, 28.0)	(32, 22.0)	(34, 23.0)	(36, 146.0)	(38, 1149.0)	(40, 180.0)	(42, 258.0)	(44, 117.0)	(46, 40.0)	(48, 85.0)	(50, 134.0)	(52, 1011.0)	(54, 3712.0)	(56, 2614.0)	(58, 1560.0)	(60, 264.0)	(62, 153.0)	(64, 29.0)	(66, 42.0)	(68, 35.0)	(70, 49.0)	(72, 387.0)	(74, 207.0)	(76, 1127.0)	(78, 1810.0)	(80, 4630.0)	(82, 30209.0)	(84, 918832.0)	(86, 313930.0)	(88, 207.0)	(90, 1718.0)	(92, 652.0)	(94, 4588.0)	(96, 16684.0)	(98, 147762.0)	(100, 396782.0)
O22C1	(0, 2.0)	(2, 0.0)	(4, 26.0)	(6, 20.0)	(8, 10.0)	(10, 90.0)	(12, 308.0)	(14, 647.0)	(16, 1799.0)	(18, 26626.0)	(20, 1531242.0)	(22, 1434.0)	(24, 39.0)	(26, 4.0)	(28, 3.0)	(30, 31.0)	(32, 18.0)	(34, 21.0)	(36, 60.0)	(38, 222.0)	(40, 255.0)	(42, 293.0)	(44, 134.0)	(46, 35.0)	(48, 31.0)	(50, 79.0)	(52, 1205.0)	(54, 1665.0)	(56, 367.0)	(58, 1855.0)	(60, 158.0)	(62, 157.0)	(64, 28.0)	(66, 24.0)	(68, 33.0)	(70, 40.0)	(72, 224.0)	(74, 107.0)	(76, 1731.0)	(78, 3142.0)	(80, 7673.0)	(82, 48737.0)	(84, 615859.0)	(86, 257041.0)	(88, 206.0)	(90, 1106.0)	(92, 426.0)	(94, 2924.0)	(96, 11209.0)	(98, 108827.0)	(100, 279052.0)
O22C2	(0, 1.0)	(2, 0.0)	(4, 110.0)	(6, 40.0)	(8, 4.0)	(10, 129.0)	(12, 806.0)	(14, 131.0)	(16, 1151.0)	(18, 16208.0)	(20, 1716783.0)	(22, 630.0)	(24, 45.0)	(26, 7.0)	(28, 0.0)	(30, 10.0)	(32, 10.0)	(34, 10.0)	(36, 63.0)	(38, 510.0)	(40, 183.0)	(42, 307.0)	(44, 111.0)	(46, 32.0)	(48, 28.0)	(50, 99.0)	(52, 1246.0)	(54, 2064.0)	(56, 312.0)	(58, 2084.0)	(60, 160.0)	(62, 186.0)	(64, 19.0)	(66, 22.0)	(68, 23.0)	(70, 35.0)	(72, 189.0)	(74, 85.0)	(76, 1044.0)	(78, 1920.0)	(80, 4438.0)	(82, 30165.0)	(84, 739888.0)	(86, 319690.0)	(88, 133.0)	(90, 1355.0)	(92, 452.0)	(94, 3059.0)	(96, 12237.0)	(98, 130119.0)	(100, 319773.0)
O22C3	(0, 3.0)	(2, 0.0)	(4, 26.0)	(6, 20.0)	(8, 13.0)	(10, 58.0)	(12, 336.0)	(14, 712.0)	(16, 1681.0)	(18, 23740.0)	(20, 1365671.0)	(22, 1362.0)	(24, 40.0)	(26, 7.0)	(28, 3.0)	(30, 30.0)	(32, 15.0)	(34, 15.0)	(36, 94.0)	(38, 778.0)	(40, 187.0)	(42, 264.0)	(44, 103.0)	(46, 28.0)	(48, 29.0)	(50, 103.0)	(52, 1118.0)	(54, 2255.0)	(56, 373.0)	(58, 1658.0)	(60, 162.0)	(62, 200.0)	(64, 23.0)	(66, 31.0)	(68, 32.0)	(70, 46.0)	(72, 259.0)	(74, 110.0)	(76, 1205.0)	(78, 2432.0)	(80, 5143.0)	(82, 32832.0)	(84, 814159.0)	(86, 337059.0)	(88, 244.0)	(90, 1472.0)	(92, 544.0)	(94, 3496.0)	(96, 13287.0)	(98, 137046.0)	(100, 340191.0)
O22C4	(0, 4.0)	(2, 0.0)	(4, 32.0)	(6, 27.0)	(8, 11.0)	(10, 227.0)	(12, 244.0)	(14, 306.0)	(16, 1736.0)	(18, 18901.0)	(20, 1412930.0)	(22, 893.0)	(24, 29.0)	(26, 6.0)	(28, 10.0)	(30, 13.0)	(32, 33.0)	(34, 18.0)	(36, 87.0)	(38, 888.0)	(40, 164.0)	(42, 265.0)	(44, 113.0)	(46, 47.0)	(48, 41.0)	(50, 105.0)	(52, 1123.0)	(54, 2349.0)	(56, 489.0)	(58, 1851.0)	(60, 247.0)	(62, 208.0)	(64, 31.0)	(66, 38.0)	(68, 36.0)	(70, 52.0)	(72, 258.0)	(74, 133.0)	(76, 1107.0)	(78, 1961.0)	(80, 4779.0)	(82, 30514.0)	(84, 875906.0)	(86, 354355.0)	(88, 216.0)	(90, 1916.0)	(92, 632.0)	(94, 4158.0)	(96, 15664.0)	(98, 146601.0)	(100, 384483.0)
O22C5	(0, 2.0)	(2, 2.0)	(4, 23.0)	(6, 21.0)	(8, 13.0)	(10, 86.0)	(12, 300.0)	(14, 638.0)	(16, 1816.0)	(18, 22950.0)	(20, 1341603.0)	(22, 1312.0)	(24, 39.0)	(26, 7.0)	(28, 5.0)	(30, 48.0)	(32, 17.0)	(34, 19.0)	(36, 148.0)	(38, 1273.0)	(40, 233.0)	(42, 336.0)	(44, 105.0)	(46, 29.0)	(48, 31.0)	(50, 128.0)	(52, 1109.0)	(54, 2180.0)	(56, 355.0)	(58, 1991.0)	(60, 178.0)	(62, 218.0)	(64, 37.0)	(66, 40.0)	(68, 39.0)	(70, 50.0)	(72, 415.0)	(74, 233.0)	(76, 1358.0)	(78, 2280.0)	(80, 5786.0)	(82, 35441.0)	(84, 923219.0)	(86, 373194.0)	(88, 276.0)	(90, 1778.0)	(92, 635.0)	(94, 4439.0)	(96, 15946.0)	(98, 157182.0)	(100, 394283.0)
O22C6	(2, 1.0)	(4, 1.0)	(6, 3.0)	(8, 1.0)	(10, 73.0)	(12, 962.0)	(14, 181.0)	(16, 801.0)	(18, 12300.0)	(20, 1545381.0)	(22, 505.0)	(24, 50.0)	(26, 4.0)	(28, 0.0)	(30, 7.0)	(32, 13.0)	(34, 4.0)	(36, 51.0)	(38, 232.0)	(40, 206.0)	(42, 451.0)	(44, 94.0)	(46, 28.0)	(48, 29.0)	(50, 78.0)	(52, 1014.0)	(54, 1494.0)	(56, 201.0)	(58, 2155.0)	(60, 151.0)	(62, 147.0)	(64, 18.0)	(66, 9.0)	(68, 14.0)	(70, 30.0)	(72, 134.0)	(74, 91.0)	(76, 1060.0)	(78, 1952.0)	(80, 4528.0)	(82, 26736.0)	(84, 602282.0)	(86, 251494.0)	(88, 94.0)	(90, 1275.0)	(92, 440.0)	(94, 2844.0)	(96, 11651.0)	(98, 103578.0)	(100, 259826.0)	
O22C7	(0, 3.0)	(2, 1.0)	(4, 10.0)	(6, 21.0)	(8, 18.0)	(10, 39.0)	(12, 286.0)	(14, 635.0)	(16, 1562.0)	(18, 21083.0)	(20, 1231072.0)	(22, 1209.0)	(24, 32.0)	(26, 2.0)	(28, 7.0)	(30, 25.0)	(32, 23.0)	(34, 31.0)	(36, 132.0)	(38, 1154.0)	(40, 178.0)	(42, 326.0)	(44, 102.0)	(46, 32.0)	(48, 31.0)	(50, 130.0)	(52, 1116.0)	(54, 2123.0)	(56, 362.0)	(58, 1478.0)	(60, 170.0)	(62, 146.0)	(64, 27.0)	(66, 38.0)	(68, 35.0)	(70, 55.0)	(72, 387.0)	(74, 247.0)	(76, 1418.0)	(78, 2342.0)	(80, 5918.0)	(82, 36629.0)	(84, 861476.0)	(86, 358754.0)	(88, 249.0)	(90, 1537.0)	(92, 564.0)	(94, 4194.0)	(96, 15019.0)	(98, 158300.0)	(100, 373414.0)
O22C8	(4, 11.0)	(6, 9.0)	(8, 8.0)	(10, 185.0)	(12, 313.0)	(14, 219.0)	(16, 1342.0)	(18, 14198.0)	(20, 1075629.0)	(22, 669.0)	(24, 21.0)	(26, 7.0)	(28, 0.0)	(30, 18.0)	(32, 16.0)	(34, 20.0)	(36, 125.0)	(38, 1055.0)	(40, 162.0)	(42, 249.0)	(44, 101.0)	(46, 15.0)	(48, 25.0)	(50, 105.0)	(52, 986.0)	(54, 2247.0)	(56, 301.0)	(58, 1583.0)	(60, 215.0)	(62, 151.0)	(64, 23.0)	(66, 42.0)	(68, 41.0)	(70, 43.0)	(72, 375.0)	(74, 222.0)	(76, 1127.0)	(78, 1772.0)	(80, 4666.0)	(82, 28826.0)	(84, 903057.0)	(86, 347358.0)	(88, 159.0)	(90, 1897.0)	(92, 628.0)	(94, 4676.0)	(96, 17284.0)	(98, 149096.0)	(100, 411762.0)		
O22D1	(0, 2.0)	(2, 0.0)	(4, 31.0)	(6, 11.0)	(8, 12.0)	(10, 200.0)	(12, 303.0)	(14, 476.0)	(16, 1984.0)	(18, 24922.0)	(20, 1786291.0)	(22, 1153.0)	(24, 41.0)	(26, 14.0)	(28, 7.0)	(30, 27.0)	(32, 16.0)	(34, 13.0)	(36, 69.0)	(38, 316.0)	(40, 277.0)	(42, 326.0)	(44, 143.0)	(46, 40.0)	(48, 38.0)	(50, 86.0)	(52, 1385.0)	(54, 2067.0)	(56, 647.0)	(58, 2123.0)	(60, 168.0)	(62, 197.0)	(64, 26.0)	(66, 31.0)	(68, 31.0)	(70, 40.0)	(72, 258.0)	(74, 110.0)	(76, 1965.0)	(78, 3619.0)	(80, 8719.0)	(82, 57667.0)	(84, 684445.0)	(86, 291459.0)	(88, 184.0)	(90, 1314.0)	(92, 524.0)	(94, 3230.0)	(96, 12113.0)	(98, 120647.0)	(100, 309200.0)
O22D2	(0, 2.0)	(2, 3.0)	(4, 35.0)	(6, 25.0)	(8, 15.0)	(10, 53.0)	(12, 365.0)	(14, 852.0)	(16, 2018.0)	(18, 29406.0)	(20, 1681108.0)	(22, 1592.0)	(24, 41.0)	(26, 7.0)	(28, 5.0)	(30, 36.0)	(32, 26.0)	(34, 11.0)	(36, 76.0)	(38, 439.0)	(40, 175.0)	(42, 273.0)	(44, 115.0)	(46, 27.0)	(48, 45.0)	(50, 97.0)	(52, 1211.0)	(54, 2352.0)	(56, 526.0)	(58, 1825.0)	(60, 200.0)	(62, 233.0)	(64, 20.0)	(66, 26.0)	(68, 27.0)	(70, 44.0)	(72, 220.0)	(74, 106.0)	(76, 1271.0)	(78, 2276.0)	(80, 4934.0)	(82, 34232.0)	(84, 783415.0)	(86, 319146.0)	(88, 226.0)	(90, 1379.0)	(92, 524.0)	(94, 3230.0)	(96, 12185.0)	(98, 132609.0)	(100, 327958.0)
O22D3	(0, 2.0)	(2, 0.0)	(4, 21.0)	(6, 7.0)	(8, 4.0)	(10, 84.0)	(12, 467.0)	(14, 150.0)	(16, 1099.0)	(18, 14951.0)	(20, 1571061.0)	(22, 632.0)	(24, 34.0)	(26, 6.0)	(28, 2.0)	(30, 10.0)	(32, 16.0)	(34, 5.0)	(36, 80.0)	(38, 777.0)	(40, 163.0)	(42, 321.0)	(44, 110.0)	(46, 28.0)	(48, 38.0)	(50, 110.0)	(52, 1225.0)	(54, 2391.0)	(56, 258.0)	(58, 1962.0)	(60, 142.0)	(62, 205.0)	(64, 22.0)	(66, 22.0)	(68, 32.0)	(70, 31.0)	(72, 232.0)	(74, 110.0)	(76, 1374.0)	(78, 2628.0)	(80, 5605.0)	(82, 35586.0)	(84, 898157.0)	(86, 376427.0)	(88, 154.0)	(90, 1522.0)	(92, 480.0)	(94, 3564.0)	(96, 14209.0)	(98, 146573.0)	(100, 370010.0)
O22D4	(0, 2.0)	(2, 3.0)	(4, 24.0)	(6, 13.0)	(8, 13.0)	(10, 77.0)	(12, 242.0)	(14, 665.0)	(16, 1773.0)	(18, 23338.0)	(20, 1405418.0)	(22, 1309.0)	(24, 36.0)	(26, 12.0)	(28, 6.0)	(30, 32.0)	(32, 15.0)	(34, 22.0)	(36, 121.0)	(38, 804.0)	(40, 154.0)	(42, 314.0)	(44, 119.0)	(46, 51.0)	(48, 38.0)	(50, 110.0)	(52, 1088.0)	(54, 2467.0)	(56, 731.0)	(58, 1807.0)	(60, 235.0)	(62, 187.0)	(64, 23.0)	(66, 26.0)	(68, 34.0)	(70, 63.0)	(72, 264.0)	(74, 139.0)	(76, 1075.0)	(78, 2040.0)	(80, 4846.0)	(82, 30686.0)	(84, 845741.0)	(86, 337551.0)	(88, 250.0)	(90, 1860.0)	(92, 612.0)	(94, 4126.0)	(96, 14797.0)	(98, 140827.0)	(100, 366409.0)
O22D5	(0, 1.0)	(2, 0.0)	(4, 17.0)	(6, 49.0)	(8, 15.0)	(10, 200.0)	(12, 487.0)	(14, 175.0)	(16, 1735.0)	(18, 17015.0)	(20, 1397760.0)	(22, 746.0)	(24, 38.0)	(26, 4.0)	(28, 3.0)	(30, 21.0)	(32, 24.0)	(34, 14.0)	(36, 138.0)	(38, 1257.0)	(40, 196.0)	(42, 334.0)	(44, 129.0)	(46, 41.0)	(48, 33.0)	(50, 124.0)	(52, 1141.0)	(54, 2128.0)	(56, 297.0)	(58, 2049.0)	(60, 151.0)	(62, 229.0)	(64, 25.0)	(66, 26.0)	(68, 28.0)	(70, 45.0)	(72, 339.0)	(74, 217.0)	(76, 1396.0)	(78, 2279.0)	(80, 5894.0)	(82, 35931.0)	(84, 925308.0)	(86, 378826.0)	(88, 193.0)	(90, 1755.0)	(92, 615.0)	(94, 4171.0)	(96, 15253.0)	(98, 154802.0)	(100, 390296.0)
O22D6	(0, 2.0)	(2, 0.0)	(4, 15.0)	(6, 12.0)	(8, 32.0)	(10, 59.0)	(12, 418.0)	(14, 990.0)	(16, 2079.0)	(18, 30653.0)	(20, 1780831.0)	(22, 1658.0)	(24, 53.0)	(26, 15.0)	(28, 1.0)	(30, 47.0)	(32, 27.0)	(34, 20.0)	(36, 70.0)	(38, 314.0)	(40, 314.0)	(42, 622.0)	(44, 142.0)	(46, 24.0)	(48, 33.0)	(50, 109.0)	(52, 1275.0)	(54, 2134.0)	(56, 386.0)	(58, 2147.0)	(60, 207.0)	(62, 178.0)	(64, 20.0)	(66, 37.0)	(68, 26.0)	(70, 47.0)	(72, 235.0)	(74, 110.0)	(76, 1756.0)	(78, 3065.0)	(80, 7167.0)	(82, 38416.0)	(84, 805505.0)	(86, 331958.0)	(88, 214.0)	(90, 1720.0)	(92, 636.0)	(94, 3775.0)	(96, 14715.0)	(98, 136816.0)	(100, 341203.0)
O22D7	(4, 4.0)	(6, 85.0)	(8, 3.0)	(10, 40.0)	(12, 1050.0)	(14, 66.0)	(16, 907.0)	(18, 11411.0)	(20, 1424336.0)	(22, 484.0)	(24, 29.0)	(26, 6.0)	(28, 2.0)	(30, 19.0)	(32, 37.0)	(34, 14.0)	(36, 126.0)	(38, 1046.0)	(40, 196.0)	(42, 375.0)	(44, 117.0)	(46, 32.0)	(48, 37.0)	(50, 120.0)	(52, 1349.0)	(54, 2554.0)	(56, 275.0)	(58, 1594.0)	(60, 134.0)	(62, 180.0)	(64, 20.0)	(66, 20.0)	(68, 30.0)	(70, 49.0)	(72, 463.0)	(74, 333.0)	(76, 2078.0)	(78, 3060.0)	(80, 7790.0)	(82, 46528.0)	(84, 1071555.0)	(86, 447254.0)	(88, 160.0)	(90, 1906.0)	(92, 577.0)	(94, 4670.0)	(96, 17530.0)	(98, 190523.0)	(100, 447755.0)		
O22D8	(0, 2.0)	(2, 0.0)	(4, 18.0)	(6, 10.0)	(8, 23.0)	(10, 108.0)	(12, 249.0)	(14, 499.0)	(16, 1700.0)	(18, 20843.0)	(20, 1232409.0)	(22, 1149.0)	(24, 33.0)	(26, 10.0)	(28, 5.0)	(30, 47.0)	(32, 30.0)	(34, 27.0)	(36, 183.0)	(38, 1149.0)	(40, 176.0)	(42, 279.0)	(44, 134.0)	(46, 32.0)	(48, 39.0)	(50, 148.0)	(52, 1089.0)	(54, 2710.0)	(56, 433.0)	(58, 1772.0)	(60, 254.0)	(62, 186.0)	(64, 32.0)	(66, 33.0)	(68, 47.0)	(70, 55.0)	(72, 378.0)	(74, 200.0)	(76, 1257.0)	(78, 1894.0)	(80, 5053.0)	(82, 33513.0)	(84, 987466.0)	(86, 404139.0)	(88, 286.0)	(90, 2156.0)	(92, 750.0)	(94, 5235.0)	(96, 18769.0)	(98, 164649.0)	(100, 451290.0)
highN4A1	(0, 6.0)	(2, 0.0)	(4, 22.0)	(6, 17.0)	(8, 23.0)	(10, 49.0)	(12, 273.0)	(14, 516.0)	(16, 1258.0)	(18, 14986.0)	(20, 947672.0)	(22, 772.0)	(24, 10.0)	(26, 21.0)	(28, 12.0)	(30, 61.0)	(32, 49.0)	(34, 16.0)	(36, 43.0)	(38, 336.0)	(40, 157.0)	(42, 296.0)	(44, 44.0)	(46, 41.0)	(48, 36.0)	(50, 54.0)	(52, 106.0)	(54, 3197.0)	(56, 777.0)	(58, 853.0)	(60, 75.0)	(62, 33.0)	(64, 24.0)	(66, 25.0)	(68, 30.0)	(70, 33.0)	(72, 262.0)	(74, 161.0)	(76, 2419.0)	(78, 3872.0)	(80, 8648.0)	(82, 49221.0)	(84, 619862.0)	(86, 259498.0)	(88, 372.0)	(90, 463.0)	(92, 2558.0)	(94, 5254.0)	(96, 15334.0)	(98, 140951.0)	(100, 148575.0)
highN4A2	(0, 1.0)	(2, 0.0)	(4, 19.0)	(6, 11.0)	(8, 24.0)	(10, 91.0)	(12, 170.0)	(14, 384.0)	(16, 1118.0)	(18, 13247.0)	(20, 908920.0)	(22, 706.0)	(24, 9.0)	(26, 12.0)	(28, 4.0)	(30, 50.0)	(32, 42.0)	(34, 19.0)	(36, 40.0)	(38, 278.0)	(40, 168.0)	(42, 271.0)	(44, 36.0)	(46, 25.0)	(48, 28.0)	(50, 66.0)	(52, 72.0)	(54, 3302.0)	(56, 971.0)	(58, 831.0)	(60, 62.0)	(62, 29.0)	(64, 17.0)	(66, 26.0)	(68, 31.0)	(70, 41.0)	(72, 262.0)	(74, 158.0)	(76, 2346.0)	(78, 3781.0)	(80, 8621.0)	(82, 48293.0)	(84, 626098.0)	(86, 252011.0)	(88, 340.0)	(90, 501.0)	(92, 2573.0)	(94, 5158.0)	(96, 15443.0)	(98, 140306.0)	(100, 150226.0)
highN4A3	(0, 5.0)	(2, 1.0)	(4, 34.0)	(6, 12.0)	(8, 22.0)	(10, 277.0)	(12, 108.0)	(14, 256.0)	(16, 1496.0)	(18, 14165.0)	(20, 1059952.0)	(22, 651.0)	(24, 12.0)	(26, 12.0)	(28, 15.0)	(30, 37.0)	(32, 48.0)	(34, 34.0)	(36, 54.0)	(38, 353.0)	(40, 171.0)	(42, 331.0)	(44, 41.0)	(46, 42.0)	(48, 52.0)	(50, 75.0)	(52, 94.0)	(54, 3546.0)	(56, 911.0)	(58, 1050.0)	(60, 102.0)	(62, 36.0)	(64, 30.0)	(66, 29.0)	(68, 35.0)	(70, 53.0)	(72, 272.0)	(74, 169.0)	(76, 2653.0)	(78, 4113.0)	(80, 9399.0)	(82, 54385.0)	(84, 687604.0)	(86, 289477.0)	(88, 393.0)	(90, 517.0)	(92, 2819.0)	(94, 5699.0)	(96, 16806.0)	(98, 156877.0)	(100, 165662.0)
highN4A4	(0, 2.0)	(2, 0.0)	(4, 17.0)	(6, 10.0)	(8, 13.0)	(10, 385.0)	(12, 68.0)	(14, 154.0)	(16, 1478.0)	(18, 13646.0)	(20, 1104781.0)	(22, 625.0)	(24, 9.0)	(26, 10.0)	(28, 10.0)	(30, 36.0)	(32, 42.0)	(34, 19.0)	(36, 43.0)	(38, 381.0)	(40, 187.0)	(42, 352.0)	(44, 43.0)	(46, 21.0)	(48, 33.0)	(50, 65.0)	(52, 76.0)	(54, 3518.0)	(56, 423.0)	(58, 1025.0)	(60, 103.0)	(62, 34.0)	(64, 43.0)	(66, 28.0)	(68, 38.0)	(70, 47.0)	(72, 332.0)	(74, 182.0)	(76, 2709.0)	(78, 4289.0)	(80, 9393.0)	(82, 54484.0)	(84, 710308.0)	(86, 311940.0)	(88, 379.0)	(90, 518.0)	(92, 2990.0)	(94, 6120.0)	(96, 18027.0)	(98, 165728.0)	(100, 180006.0)
highN4A5	(0, 3.0)	(2, 0.0)	(4, 13.0)	(6, 19.0)	(8, 24.0)	(10, 43.0)	(12, 233.0)	(14, 369.0)	(16, 1017.0)	(18, 12272.0)	(20, 785963.0)	(22, 714.0)	(24, 11.0)	(26, 10.0)	(28, 11.0)	(30, 34.0)	(32, 35.0)	(34, 16.0)	(36, 35.0)	(38, 262.0)	(40, 125.0)	(42, 226.0)	(44, 40.0)	(46, 26.0)	(48, 30.0)	(50, 54.0)	(52, 82.0)	(54, 3030.0)	(56, 810.0)	(58, 770.0)	(60, 72.0)	(62, 26.0)	(64, 16.0)	(66, 25.0)	(68, 25.0)	(70, 29.0)	(72, 259.0)	(74, 138.0)	(76, 2168.0)	(78, 3401.0)	(80, 7641.0)	(82, 42422.0)	(84, 545568.0)	(86, 228316.0)	(88, 307.0)	(90, 432.0)	(92, 2249.0)	(94, 4576.0)	(96, 13679.0)	(98, 125702.0)	(100, 134515.0)
highN4A6	(0, 1.0)	(2, 0.0)	(4, 23.0)	(6, 14.0)	(8, 31.0)	(10, 90.0)	(12, 196.0)	(14, 396.0)	(16, 1240.0)	(18, 14396.0)	(20, 959787.0)	(22, 776.0)	(24, 12.0)	(26, 9.0)	(28, 6.0)	(30, 45.0)	(32, 39.0)	(34, 32.0)	(36, 33.0)	(38, 303.0)	(40, 147.0)	(42, 270.0)	(44, 62.0)	(46, 25.0)	(48, 29.0)	(50, 66.0)	(52, 81.0)	(54, 3007.0)	(56, 652.0)	(58, 850.0)	(60, 84.0)	(62, 25.0)	(64, 27.0)	(66, 23.0)	(68, 39.0)	(70, 51.0)	(72, 259.0)	(74, 147.0)	(76, 2248.0)	(78, 3730.0)	(80, 8187.0)	(82, 47623.0)	(84, 593513.0)	(86, 254532.0)	(88, 320.0)	(90, 438.0)	(92, 2501.0)	(94, 5131.0)	(96, 14786.0)	(98, 137513.0)	(100, 141167.0)
highN4A7	(0, 1.0)	(2, 2.0)	(4, 28.0)	(6, 14.0)	(8, 25.0)	(10, 239.0)	(12, 88.0)	(14, 214.0)	(16, 1371.0)	(18, 13401.0)	(20, 989375.0)	(22, 522.0)	(24, 8.0)	(26, 12.0)	(28, 11.0)	(30, 32.0)	(32, 41.0)	(34, 21.0)	(36, 60.0)	(38, 325.0)	(40, 161.0)	(42, 356.0)	(44, 55.0)	(46, 20.0)	(48, 36.0)	(50, 51.0)	(52, 79.0)	(54, 3465.0)	(56, 791.0)	(58, 956.0)	(60, 65.0)	(62, 28.0)	(64, 29.0)	(66, 22.0)	(68, 40.0)	(70, 32.0)	(72, 285.0)	(74, 182.0)	(76, 2493.0)	(78, 4021.0)	(80, 8805.0)	(82, 50742.0)	(84, 651581.0)	(86, 275443.0)	(88, 348.0)	(90, 540.0)	(92, 2751.0)	(94, 5525.0)	(96, 15987.0)	(98, 149195.0)	(100, 159314.0)
highN4A8	(0, 6.0)	(2, 2.0)	(4, 16.0)	(6, 5.0)	(8, 12.0)	(10, 300.0)	(12, 68.0)	(14, 161.0)	(16, 1447.0)	(18, 11808.0)	(20, 963434.0)	(22, 505.0)	(24, 8.0)	(26, 12.0)	(28, 6.0)	(30, 40.0)	(32, 45.0)	(34, 17.0)	(36, 55.0)	(38, 346.0)	(40, 179.0)	(42, 276.0)	(44, 27.0)	(46, 30.0)	(48, 30.0)	(50, 50.0)	(52, 68.0)	(54, 3021.0)	(56, 394.0)	(58, 875.0)	(60, 93.0)	(62, 26.0)	(64, 23.0)	(66, 25.0)	(68, 26.0)	(70, 34.0)	(72, 304.0)	(74, 158.0)	(76, 2375.0)	(78, 3821.0)	(80, 8329.0)	(82, 47906.0)	(84, 623389.0)	(86, 264620.0)	(88, 322.0)	(90, 513.0)	(92, 2592.0)	(94, 5278.0)	(96, 15495.0)	(98, 144360.0)	(100, 154901.0)
highN4B1	(4, 8.0)	(6, 11.0)	(8, 5.0)	(10, 308.0)	(12, 54.0)	(14, 129.0)	(16, 1226.0)	(18, 10329.0)	(20, 834513.0)	(22, 385.0)	(24, 3.0)	(26, 7.0)	(28, 10.0)	(30, 19.0)	(32, 37.0)	(34, 29.0)	(36, 113.0)	(38, 303.0)	(40, 161.0)	(42, 273.0)	(44, 36.0)	(46, 14.0)	(48, 21.0)	(50, 52.0)	(52, 62.0)	(54, 2723.0)	(56, 151.0)	(58, 849.0)	(60, 88.0)	(62, 33.0)	(64, 22.0)	(66, 35.0)	(68, 21.0)	(70, 38.0)	(72, 451.0)	(74, 288.0)	(76, 2173.0)	(78, 2863.0)	(80, 7517.0)	(82, 41228.0)	(84, 630823.0)	(86, 236412.0)	(88, 331.0)	(90, 413.0)	(92, 2536.0)	(94, 5115.0)	(96, 18574.0)	(98, 134934.0)	(100, 184432.0)		
highN4B2	(2, 1.0)	(4, 25.0)	(6, 16.0)	(8, 20.0)	(10, 249.0)	(12, 78.0)	(14, 183.0)	(16, 1276.0)	(18, 12347.0)	(20, 926459.0)	(22, 527.0)	(24, 13.0)	(26, 29.0)	(28, 12.0)	(30, 29.0)	(32, 53.0)	(34, 30.0)	(36, 134.0)	(38, 300.0)	(40, 202.0)	(42, 284.0)	(44, 61.0)	(46, 35.0)	(48, 54.0)	(50, 73.0)	(52, 91.0)	(54, 3910.0)	(56, 1086.0)	(58, 874.0)	(60, 112.0)	(62, 47.0)	(64, 31.0)	(66, 29.0)	(68, 36.0)	(70, 46.0)	(72, 494.0)	(74, 326.0)	(76, 2582.0)	(78, 3312.0)	(80, 8596.0)	(82, 46496.0)	(84, 730767.0)	(86, 267254.0)	(88, 399.0)	(90, 510.0)	(92, 3026.0)	(94, 6010.0)	(96, 21436.0)	(98, 153431.0)	(100, 215377.0)	
highN4B3	(0, 1.0)	(2, 1.0)	(4, 21.0)	(6, 21.0)	(8, 29.0)	(10, 106.0)	(12, 237.0)	(14, 430.0)	(16, 1348.0)	(18, 15317.0)	(20, 1027899.0)	(22, 790.0)	(24, 8.0)	(26, 11.0)	(28, 13.0)	(30, 50.0)	(32, 48.0)	(34, 43.0)	(36, 157.0)	(38, 309.0)	(40, 171.0)	(42, 347.0)	(44, 60.0)	(46, 34.0)	(48, 48.0)	(50, 77.0)	(52, 82.0)	(54, 3893.0)	(56, 808.0)	(58, 950.0)	(60, 117.0)	(62, 36.0)	(64, 37.0)	(66, 23.0)	(68, 40.0)	(70, 52.0)	(72, 470.0)	(74, 304.0)	(76, 2867.0)	(78, 3677.0)	(80, 9541.0)	(82, 51820.0)	(84, 778303.0)	(86, 288517.0)	(88, 438.0)	(90, 509.0)	(92, 3169.0)	(94, 6355.0)	(96, 22773.0)	(98, 163892.0)	(100, 222754.0)
highN4B4	(0, 3.0)	(2, 0.0)	(4, 13.0)	(6, 11.0)	(8, 25.0)	(10, 39.0)	(12, 291.0)	(14, 522.0)	(16, 1347.0)	(18, 15919.0)	(20, 1008579.0)	(22, 907.0)	(24, 15.0)	(26, 16.0)	(28, 20.0)	(30, 49.0)	(32, 63.0)	(34, 36.0)	(36, 142.0)	(38, 360.0)	(40, 178.0)	(42, 357.0)	(44, 70.0)	(46, 38.0)	(48, 54.0)	(50, 89.0)	(52, 100.0)	(54, 4220.0)	(56, 1020.0)	(58, 1042.0)	(60, 109.0)	(62, 44.0)	(64, 52.0)	(66, 44.0)	(68, 46.0)	(70, 52.0)	(72, 546.0)	(74, 401.0)	(76, 2896.0)	(78, 3904.0)	(80, 9716.0)	(82, 52310.0)	(84, 804879.0)	(86, 309877.0)	(88, 517.0)	(90, 585.0)	(92, 3283.0)	(94, 6834.0)	(96, 24895.0)	(98, 173316.0)	(100, 247894.0)
highN4B5	(0, 3.0)	(2, 2.0)	(4, 16.0)	(6, 10.0)	(8, 13.0)	(10, 343.0)	(12, 70.0)	(14, 193.0)	(16, 1776.0)	(18, 13007.0)	(20, 1120518.0)	(22, 508.0)	(24, 18.0)	(26, 23.0)	(28, 17.0)	(30, 44.0)	(32, 71.0)	(34, 35.0)	(36, 147.0)	(38, 407.0)	(40, 202.0)	(42, 412.0)	(44, 74.0)	(46, 33.0)	(48, 34.0)	(50, 71.0)	(52, 114.0)	(54, 4198.0)	(56, 579.0)	(58, 1156.0)	(60, 123.0)	(62, 57.0)	(64, 42.0)	(66, 29.0)	(68, 50.0)	(70, 42.0)	(72, 635.0)	(74, 371.0)	(76, 2864.0)	(78, 3981.0)	(80, 10301.0)	(82, 55274.0)	(84, 862127.0)	(86, 332984.0)	(88, 481.0)	(90, 580.0)	(92, 3464.0)	(94, 7253.0)	(96, 25562.0)	(98, 185693.0)	(100, 263475.0)
highN4B6	(0, 2.0)	(2, 1.0)	(4, 14.0)	(6, 10.0)	(8, 18.0)	(10, 209.0)	(12, 110.0)	(14, 234.0)	(16, 1324.0)	(18, 12714.0)	(20, 942358.0)	(22, 569.0)	(24, 14.0)	(26, 35.0)	(28, 12.0)	(30, 35.0)	(32, 53.0)	(34, 31.0)	(36, 155.0)	(38, 316.0)	(40, 187.0)	(42, 348.0)	(44, 100.0)	(46, 60.0)	(48, 81.0)	(50, 119.0)	(52, 124.0)	(54, 4512.0)	(56, 2456.0)	(58, 919.0)	(60, 98.0)	(62, 48.0)	(64, 33.0)	(66, 36.0)	(68, 33.0)	(70, 37.0)	(72, 488.0)	(74, 291.0)	(76, 2447.0)	(78, 3126.0)	(80, 8345.0)	(82, 45406.0)	(84, 672610.0)	(86, 256667.0)	(88, 401.0)	(90, 502.0)	(92, 2750.0)	(94, 5611.0)	(96, 19843.0)	(98, 143658.0)	(100, 194475.0)
highN4B7	(0, 9.0)	(2, 1.0)	(4, 20.0)	(6, 16.0)	(8, 19.0)	(10, 94.0)	(12, 220.0)	(14, 449.0)	(16, 1319.0)	(18, 15250.0)	(20, 983652.0)	(22, 733.0)	(24, 9.0)	(26, 14.0)	(28, 21.0)	(30, 61.0)	(32, 44.0)	(34, 34.0)	(36, 132.0)	(38, 366.0)	(40, 202.0)	(42, 346.0)	(44, 74.0)	(46, 33.0)	(48, 50.0)	(50, 80.0)	(52, 122.0)	(54, 3965.0)	(56, 1172.0)	(58, 894.0)	(60, 125.0)	(62, 49.0)	(64, 29.0)	(66, 35.0)	(68, 35.0)	(70, 37.0)	(72, 500.0)	(74, 361.0)	(76, 2704.0)	(78, 3692.0)	(80, 9202.0)	(82, 50196.0)	(84, 756743.0)	(86, 284346.0)	(88, 456.0)	(90, 501.0)	(92, 3075.0)	(94, 6126.0)	(96, 22447.0)	(98, 160824.0)	(100, 219271.0)
highN4B8	(0, 1.0)	(2, 0.0)	(4, 12.0)	(6, 12.0)	(8, 28.0)	(10, 36.0)	(12, 250.0)	(14, 476.0)	(16, 1199.0)	(18, 14250.0)	(20, 905755.0)	(22, 774.0)	(24, 12.0)	(26, 16.0)	(28, 12.0)	(30, 61.0)	(32, 63.0)	(34, 24.0)	(36, 120.0)	(38, 311.0)	(40, 186.0)	(42, 340.0)	(44, 76.0)	(46, 28.0)	(48, 56.0)	(50, 85.0)	(52, 110.0)	(54, 3897.0)	(56, 1251.0)	(58, 819.0)	(60, 100.0)	(62, 39.0)	(64, 44.0)	(66, 40.0)	(68, 39.0)	(70, 43.0)	(72, 463.0)	(74, 348.0)	(76, 2536.0)	(78, 3468.0)	(80, 8567.0)	(82, 47632.0)	(84, 727027.0)	(86, 265248.0)	(88, 393.0)	(90, 510.0)	(92, 2893.0)	(94, 5864.0)	(96, 21606.0)	(98, 153033.0)	(100, 212606.0)
highN4C1	(0, 4.0)	(2, 2.0)	(4, 21.0)	(6, 18.0)	(8, 17.0)	(10, 117.0)	(12, 182.0)	(14, 344.0)	(16, 1157.0)	(18, 13274.0)	(20, 893913.0)	(22, 662.0)	(24, 13.0)	(26, 8.0)	(28, 12.0)	(30, 38.0)	(32, 51.0)	(34, 24.0)	(36, 60.0)	(38, 322.0)	(40, 157.0)	(42, 304.0)	(44, 46.0)	(46, 36.0)	(48, 34.0)	(50, 67.0)	(52, 83.0)	(54, 3653.0)	(56, 1062.0)	(58, 844.0)	(60, 81.0)	(62, 25.0)	(64, 38.0)	(66, 24.0)	(68, 24.0)	(70, 35.0)	(72, 352.0)	(74, 251.0)	(76, 2333.0)	(78, 3158.0)	(80, 8048.0)	(82, 45130.0)	(84, 670454.0)	(86, 247299.0)	(88, 354.0)	(90, 470.0)	(92, 2515.0)	(94, 5124.0)	(96, 16782.0)	(98, 143519.0)	(100, 192871.0)
highN4C2	(0, 3.0)	(2, 0.0)	(4, 18.0)	(6, 8.0)	(8, 6.0)	(10, 338.0)	(12, 36.0)	(14, 141.0)	(16, 1386.0)	(18, 10176.0)	(20, 938411.0)	(22, 432.0)	(24, 10.0)	(26, 8.0)	(28, 10.0)	(30, 28.0)	(32, 38.0)	(34, 35.0)	(36, 82.0)	(38, 341.0)	(40, 155.0)	(42, 360.0)	(44, 55.0)	(46, 19.0)	(48, 39.0)	(50, 77.0)	(52, 71.0)	(54, 3709.0)	(56, 962.0)	(58, 911.0)	(60, 77.0)	(62, 36.0)	(64, 37.0)	(66, 34.0)	(68, 22.0)	(70, 39.0)	(72, 404.0)	(74, 292.0)	(76, 2263.0)	(78, 3315.0)	(80, 8062.0)	(82, 45568.0)	(84, 690659.0)	(86, 262123.0)	(88, 331.0)	(90, 497.0)	(92, 2651.0)	(94, 5380.0)	(96, 17436.0)	(98, 149902.0)	(100, 203341.0)
highN4C3	(0, 6.0)	(2, 2.0)	(4, 16.0)	(6, 9.0)	(8, 22.0)	(10, 32.0)	(12, 259.0)	(14, 457.0)	(16, 1098.0)	(18, 13150.0)	(20, 844491.0)	(22, 769.0)	(24, 11.0)	(26, 16.0)	(28, 8.0)	(30, 55.0)	(32, 44.0)	(34, 16.0)	(36, 68.0)	(38, 287.0)	(40, 137.0)	(42, 271.0)	(44, 53.0)	(46, 33.0)	(48, 58.0)	(50, 74.0)	(52, 88.0)	(54, 3525.0)	(56, 1681.0)	(58, 759.0)	(60, 71.0)	(62, 32.0)	(64, 29.0)	(66, 27.0)	(68, 28.0)	(70, 29.0)	(72, 392.0)	(74, 246.0)	(76, 2193.0)	(78, 3160.0)	(80, 7089.0)	(82, 41420.0)	(84, 605047.0)	(86, 216127.0)	(88, 297.0)	(90, 478.0)	(92, 2325.0)	(94, 4715.0)	(96, 15143.0)	(98, 126915.0)	(100, 167969.0)
highN4C4	(0, 2.0)	(2, 0.0)	(4, 28.0)	(6, 9.0)	(8, 12.0)	(10, 280.0)	(12, 83.0)	(14, 212.0)	(16, 1254.0)	(18, 12226.0)	(20, 940000.0)	(22, 568.0)	(24, 17.0)	(26, 16.0)	(28, 9.0)	(30, 34.0)	(32, 61.0)	(34, 27.0)	(36, 85.0)	(38, 324.0)	(40, 158.0)	(42, 326.0)	(44, 50.0)	(46, 34.0)	(48, 48.0)	(50, 68.0)	(52, 112.0)	(54, 3955.0)	(56, 1371.0)	(58, 959.0)	(60, 95.0)	(62, 26.0)	(64, 28.0)	(66, 26.0)	(68, 22.0)	(70, 52.0)	(72, 422.0)	(74, 259.0)	(76, 2348.0)	(78, 3340.0)	(80, 8254.0)	(82, 45727.0)	(84, 698350.0)	(86, 264242.0)	(88, 340.0)	(90, 528.0)	(92, 2746.0)	(94, 5394.0)	(96, 18411.0)	(98, 152187.0)	(100, 212147.0)
highN4C5	(0, 5.0)	(2, 1.0)	(4, 20.0)	(6, 16.0)	(8, 13.0)	(10, 86.0)	(12, 150.0)	(14, 345.0)	(16, 1096.0)	(18, 12251.0)	(20, 832882.0)	(22, 664.0)	(24, 2.0)	(26, 16.0)	(28, 14.0)	(30, 32.0)	(32, 55.0)	(34, 24.0)	(36, 95.0)	(38, 272.0)	(40, 157.0)	(42, 321.0)	(44, 51.0)	(46, 29.0)	(48, 49.0)	(50, 75.0)	(52, 84.0)	(54, 3888.0)	(56, 1678.0)	(58, 806.0)	(60, 86.0)	(62, 29.0)	(64, 36.0)	(66, 24.0)	(68, 38.0)	(70, 57.0)	(72, 378.0)	(74, 244.0)	(76, 2121.0)	(78, 3046.0)	(80, 7472.0)	(82, 42739.0)	(84, 634553.0)	(86, 235168.0)	(88, 377.0)	(90, 501.0)	(92, 2456.0)	(94, 4874.0)	(96, 16283.0)	(98, 137007.0)	(100, 184818.0)
highN4C6	(4, 12.0)	(6, 7.0)	(8, 7.0)	(10, 290.0)	(12, 37.0)	(14, 117.0)	(16, 1096.0)	(18, 8038.0)	(20, 708251.0)	(22, 276.0)	(24, 4.0)	(26, 1.0)	(28, 3.0)	(30, 15.0)	(32, 35.0)	(34, 23.0)	(36, 58.0)	(38, 236.0)	(40, 118.0)	(42, 262.0)	(44, 33.0)	(46, 13.0)	(48, 11.0)	(50, 24.0)	(52, 48.0)	(54, 2257.0)	(56, 95.0)	(58, 662.0)	(60, 51.0)	(62, 28.0)	(64, 13.0)	(66, 27.0)	(68, 21.0)	(70, 31.0)	(72, 272.0)	(74, 189.0)	(76, 1717.0)	(78, 2460.0)	(80, 5838.0)	(82, 34302.0)	(84, 506329.0)	(86, 192326.0)	(88, 254.0)	(90, 373.0)	(92, 2042.0)	(94, 3930.0)	(96, 12475.0)	(98, 110219.0)	(100, 146189.0)		
highN4C7	(0, 8.0)	(2, 0.0)	(4, 14.0)	(6, 9.0)	(8, 16.0)	(10, 47.0)	(12, 225.0)	(14, 487.0)	(16, 1182.0)	(18, 13885.0)	(20, 890473.0)	(22, 785.0)	(24, 8.0)	(26, 10.0)	(28, 9.0)	(30, 44.0)	(32, 51.0)	(34, 26.0)	(36, 69.0)	(38, 276.0)	(40, 138.0)	(42, 320.0)	(44, 70.0)	(46, 34.0)	(48, 57.0)	(50, 77.0)	(52, 106.0)	(54, 3797.0)	(56, 1532.0)	(58, 844.0)	(60, 87.0)	(62, 38.0)	(64, 29.0)	(66, 28.0)	(68, 23.0)	(70, 36.0)	(72, 371.0)	(74, 277.0)	(76, 2410.0)	(78, 3283.0)	(80, 8107.0)	(82, 45760.0)	(84, 665381.0)	(86, 243445.0)	(88, 330.0)	(90, 475.0)	(92, 2541.0)	(94, 5285.0)	(96, 16563.0)	(98, 142820.0)	(100, 190031.0)
highN4C8	(0, 4.0)	(2, 1.0)	(4, 27.0)	(6, 11.0)	(8, 16.0)	(10, 308.0)	(12, 83.0)	(14, 187.0)	(16, 1197.0)	(18, 11048.0)	(20, 857911.0)	(22, 503.0)	(24, 7.0)	(26, 16.0)	(28, 10.0)	(30, 32.0)	(32, 38.0)	(34, 24.0)	(36, 85.0)	(38, 311.0)	(40, 141.0)	(42, 259.0)	(44, 50.0)	(46, 34.0)	(48, 46.0)	(50, 49.0)	(52, 98.0)	(54, 3515.0)	(56, 1163.0)	(58, 846.0)	(60, 77.0)	(62, 30.0)	(64, 32.0)	(66, 31.0)	(68, 27.0)	(70, 38.0)	(72, 344.0)	(74, 238.0)	(76, 2185.0)	(78, 2993.0)	(80, 7382.0)	(82, 42526.0)	(84, 632579.0)	(86, 237447.0)	(88, 332.0)	(90, 487.0)	(92, 2445.0)	(94, 4971.0)	(96, 15801.0)	(98, 138081.0)	(100, 184455.0)
highN4D1	(0, 3.0)	(2, 0.0)	(4, 34.0)	(6, 9.0)	(8, 17.0)	(10, 360.0)	(12, 75.0)	(14, 207.0)	(16, 1312.0)	(18, 12142.0)	(20, 935342.0)	(22, 520.0)	(24, 5.0)	(26, 17.0)	(28, 14.0)	(30, 32.0)	(32, 47.0)	(34, 38.0)	(36, 133.0)	(38, 356.0)	(40, 159.0)	(42, 333.0)	(44, 52.0)	(46, 25.0)	(48, 59.0)	(50, 72.0)	(52, 74.0)	(54, 3861.0)	(56, 1170.0)	(58, 923.0)	(60, 76.0)	(62, 34.0)	(64, 44.0)	(66, 34.0)	(68, 37.0)	(70, 49.0)	(72, 480.0)	(74, 354.0)	(76, 2488.0)	(78, 3296.0)	(80, 8694.0)	(82, 46873.0)	(84, 734731.0)	(86, 271046.0)	(88, 306.0)	(90, 546.0)	(92, 2854.0)	(94, 5493.0)	(96, 19022.0)	(98, 163787.0)	(100, 201660.0)
highN4D2	(0, 3.0)	(2, 0.0)	(4, 9.0)	(6, 17.0)	(8, 30.0)	(10, 52.0)	(12, 252.0)	(14, 415.0)	(16, 1255.0)	(18, 13897.0)	(20, 906615.0)	(22, 810.0)	(24, 10.0)	(26, 23.0)	(28, 11.0)	(30, 36.0)	(32, 50.0)	(34, 34.0)	(36, 184.0)	(38, 343.0)	(40, 210.0)	(42, 328.0)	(44, 72.0)	(46, 43.0)	(48, 58.0)	(50, 85.0)	(52, 122.0)	(54, 4322.0)	(56, 1422.0)	(58, 971.0)	(60, 91.0)	(62, 41.0)	(64, 31.0)	(66, 32.0)	(68, 35.0)	(70, 46.0)	(72, 499.0)	(74, 378.0)	(76, 2718.0)	(78, 3464.0)	(80, 9051.0)	(82, 49165.0)	(84, 761319.0)	(86, 276976.0)	(88, 365.0)	(90, 536.0)	(92, 2948.0)	(94, 5899.0)	(96, 19861.0)	(98, 167533.0)	(100, 208039.0)
highN4D3	(0, 1.0)	(2, 0.0)	(4, 33.0)	(6, 11.0)	(8, 5.0)	(10, 501.0)	(12, 53.0)	(14, 132.0)	(16, 1502.0)	(18, 10396.0)	(20, 957752.0)	(22, 503.0)	(24, 8.0)	(26, 19.0)	(28, 7.0)	(30, 27.0)	(32, 49.0)	(34, 32.0)	(36, 141.0)	(38, 326.0)	(40, 168.0)	(42, 310.0)	(44, 61.0)	(46, 32.0)	(48, 48.0)	(50, 55.0)	(52, 84.0)	(54, 3806.0)	(56, 1054.0)	(58, 956.0)	(60, 69.0)	(62, 27.0)	(64, 38.0)	(66, 34.0)	(68, 33.0)	(70, 31.0)	(72, 515.0)	(74, 339.0)	(76, 2540.0)	(78, 3306.0)	(80, 8470.0)	(82, 47114.0)	(84, 730490.0)	(86, 270828.0)	(88, 297.0)	(90, 477.0)	(92, 2779.0)	(94, 5678.0)	(96, 18900.0)	(98, 164048.0)	(100, 197326.0)
highN4D4	(0, 1.0)	(2, 2.0)	(4, 13.0)	(6, 14.0)	(8, 13.0)	(10, 105.0)	(12, 157.0)	(14, 318.0)	(16, 1142.0)	(18, 11896.0)	(20, 801590.0)	(22, 668.0)	(24, 7.0)	(26, 31.0)	(28, 8.0)	(30, 31.0)	(32, 33.0)	(34, 22.0)	(36, 128.0)	(38, 351.0)	(40, 163.0)	(42, 257.0)	(44, 60.0)	(46, 32.0)	(48, 69.0)	(50, 78.0)	(52, 87.0)	(54, 3950.0)	(56, 1701.0)	(58, 847.0)	(60, 75.0)	(62, 28.0)	(64, 35.0)	(66, 27.0)	(68, 38.0)	(70, 50.0)	(72, 486.0)	(74, 317.0)	(76, 2176.0)	(78, 2879.0)	(80, 7481.0)	(82, 41194.0)	(84, 652776.0)	(86, 246150.0)	(88, 307.0)	(90, 458.0)	(92, 2566.0)	(94, 5195.0)	(96, 17554.0)	(98, 147387.0)	(100, 186790.0)
highN4D5	(0, 4.0)	(2, 1.0)	(4, 23.0)	(6, 10.0)	(8, 10.0)	(10, 99.0)	(12, 145.0)	(14, 348.0)	(16, 1086.0)	(18, 11929.0)	(20, 817588.0)	(22, 684.0)	(24, 7.0)	(26, 25.0)	(28, 8.0)	(30, 24.0)	(32, 47.0)	(34, 23.0)	(36, 151.0)	(38, 299.0)	(40, 156.0)	(42, 286.0)	(44, 32.0)	(46, 15.0)	(48, 49.0)	(50, 61.0)	(52, 115.0)	(54, 3992.0)	(56, 1688.0)	(58, 873.0)	(60, 71.0)	(62, 27.0)	(64, 33.0)	(66, 33.0)	(68, 49.0)	(70, 38.0)	(72, 486.0)	(74, 321.0)	(76, 2260.0)	(78, 3004.0)	(80, 7798.0)	(82, 42851.0)	(84, 663977.0)	(86, 248970.0)	(88, 344.0)	(90, 492.0)	(92, 2572.0)	(94, 5078.0)	(96, 17568.0)	(98, 149716.0)	(100, 184417.0)
highN4D6	(0, 3.0)	(2, 0.0)	(4, 4.0)	(6, 8.0)	(8, 11.0)	(10, 44.0)	(12, 216.0)	(14, 385.0)	(16, 1075.0)	(18, 12929.0)	(20, 830994.0)	(22, 722.0)	(24, 7.0)	(26, 10.0)	(28, 11.0)	(30, 35.0)	(32, 34.0)	(34, 27.0)	(36, 119.0)	(38, 312.0)	(40, 162.0)	(42, 262.0)	(44, 47.0)	(46, 24.0)	(48, 25.0)	(50, 55.0)	(52, 63.0)	(54, 3174.0)	(56, 479.0)	(58, 838.0)	(60, 72.0)	(62, 30.0)	(64, 32.0)	(66, 38.0)	(68, 20.0)	(70, 46.0)	(72, 417.0)	(74, 340.0)	(76, 2393.0)	(78, 3162.0)	(80, 8193.0)	(82, 44546.0)	(84, 676702.0)	(86, 253667.0)	(88, 325.0)	(90, 478.0)	(92, 2589.0)	(94, 5158.0)	(96, 17374.0)	(98, 152044.0)	(100, 182666.0)
