Sample	featurecounts-Assigned	featurecounts-percent_assigned	cutadapt-percent_trimmed	fastqc-percent_duplicates	fastqc-percent_gc	fastqc-avg_sequence_length	fastqc-median_sequence_length	fastqc-percent_fails	fastqc-total_sequences
LD1A1	1.252759	31.502429397596902	6.068819517993976	42.78468715812931	47.0	51.2304797662991	20	27.27272727272727	3.9767069999999998
LD1A2	1.352303	30.908059070534122	6.2780640095196505	38.39396030997829	46.0	54.08320313107109	20	18.181818181818183	4.3752439999999995
LD1A3	1.0149839999999999	28.144333070001743	6.511264032414414	35.300160207129665	46.0	57.79886583513432	84	27.27272727272727	3.6063539999999996
LD1A4	1.231385	28.228874451044405	6.899306591240742	33.955528473925696	46.0	59.15061937375807	84	27.27272727272727	4.3621479999999995
LD1A5	1.18764	28.79976953200496	6.626207222203042	40.11903863326154	45.0	60.51189005049731	84	45.45454545454545	4.123784
LD1A6	1.248908	30.05322387282483	6.3234643306973455	39.32629774677478	46.0	53.3351703883022	20	27.27272727272727	4.155654999999999
LD1A7	0.8568159999999999	24.21256927638324	6.439578846117794	31.966299300616797	46.0	61.099442454556375	84	27.27272727272727	3.538725
LD1B1	1.010743	31.094780747590466	6.131201762653668	43.52507167088415	46.0	52.13992809772458	20	18.181818181818183	3.250523
LD1B2	1.11462	30.62075558778928	6.325345902491394	39.33752990640921	46.0	54.25513834860772	20	18.181818181818183	3.6400799999999998
LD1B3	0.9245279999999999	25.618936989022295	6.5417264736099	35.640599622223974	46.0	57.412303336677965	84	27.27272727272727	3.6087689999999997
LD1B4	1.299637	32.43124340432519	6.913997455652582	42.85858722630146	45.0	57.97265507832834	84	45.45454545454545	4.007362
LD1B5	0.9828479999999999	26.993487603596318	6.655588615133298	33.61699110853324	46.0	59.556373465177835	84	27.27272727272727	3.641057
LD1B6	1.1988349999999999	32.53669431083143	6.377057551675069	39.7424917263715	46.0	53.48103357168815	20	18.181818181818183	3.684563
LD1B7	0.956125	24.776194744453747	6.472641660749782	32.6188970742908	46.0	60.099975434355834	84	27.27272727272727	3.859048
LD1C1	1.58465	33.566038663060645	6.012316209863589	39.52106128319161	46.0	52.16435189892294	20	18.181818181818183	4.720992
LD1C10	1.358535	26.843599996601412	6.580564212660721	40.49665299882875	45.0	62.73446850744933	84	36.36363636363637	5.0609269999999995
LD1C2	1.289013	32.52800622997144	6.266976802654026	38.526570669141094	46.0	54.33540754954474	20	27.27272727272727	3.962782
LD1C3	1.211163	25.325295289585366	6.504487092058363	34.3769710100954	46.0	57.79931097702755	84	18.181818181818183	4.782424
LD1C4	1.1476469999999999	28.721238956878114	6.892826261070997	35.2974345384322	46.0	59.147577852116704	84	36.36363636363637	3.9958129999999996
LD1C5	1.0631469999999998	23.238622627660323	6.609480001782013	31.402945367576166	46.0	60.289093878643044	84	27.27272727272727	4.574917
LD1C6	1.18655	31.58481756643446	6.322035945556117	39.51075906999109	46.0	53.62479749568106	20	18.181818181818183	3.75671
LD1C7	1.123641	24.595338701091297	6.44475524816012	30.868412021659992	46.0	61.2694057125371	84	27.27272727272727	4.568512999999999
LD1C8	0.783146	24.082883798223673	7.356474091559651	46.8994233174657	45.0	64.49886773154844	84	45.45454545454545	3.2518789999999997
LD1C9	1.151776	26.420862042743597	6.965599772863597	32.130934751775655	46.0	60.65022722460701	84	27.27272727272727	4.359343
LD1D1	1.871427	40.86243963193329	6.06324085371538	50.39869371966862	45.0	50.618790206256925	20	45.45454545454545	4.579822
LD1D10	1.087017	23.329288508605732	6.58906558398493	30.68103980846614	46.0	62.03837704519759	84	18.181818181818183	4.659452
LD1D2	1.434855	34.02734794641396	6.284405241108234	39.330884889025356	46.0	53.98511159015076	20	27.27272727272727	4.2167699999999995
LD1D3	1.009139	25.4659320837146	6.518761081510246	34.52785619917394	46.0	57.77150817800582	84	18.181818181818183	3.9627019999999997
LD1D4	1.145848	27.402057531388007	6.9155393474867655	33.304233423786826	46.0	59.00353523782922	84	27.27272727272727	4.181614
LD1D5	1.076324	23.23085337326571	6.617036994089995	31.37303452912259	46.0	60.345552762170506	84	27.27272727272727	4.6331679999999995
LD1D6	1.453102	33.28452861375203	6.336081284583636	38.83032051186823	46.0	53.470964564674624	20	27.27272727272727	4.3656999999999995
LD1D7	1.127496	25.735930385145554	6.454088390778227	31.41863790044384	45.0	61.383943921735124	84	27.27272727272727	4.3810199999999995
LD1D8	1.0433329999999998	21.634992129491483	7.354327290405919	28.44019689650743	46.0	63.66110121984044	84	27.27272727272727	4.822433999999999
LD1D9	1.503928	30.247845089829738	7.004606529737875	37.8155159507514	45.0	59.67481691039394	84	45.45454545454545	4.9720189999999995
O22A1	1.230955	31.754493450879988	6.1421358500050856	41.2664193816357	46.0	51.93881349968373	20	27.27272727272727	3.876476
O22A2	1.29138	32.39514561986464	6.332159435442136	39.32222265544275	47.0	53.8533580561011	20	36.36363636363637	3.9863389999999996
O22A3	1.0190919999999999	32.32544566389647	6.563234661014618	44.10090901282439	46.0	57.68863782995761	84	45.45454545454545	3.152602
O22A4	0.926364	33.603738343522345	6.907244496507863	55.57828728418296	45.0	57.98468638012659	84	45.45454545454545	2.756729
O22A5	0.770563	23.731185988011262	6.652181609446273	33.36242780737743	46.0	60.112792912208256	84	18.181818181818183	3.247048
O22A6	1.047715	32.82279173004055	6.370800624527859	42.528485824768346	46.0	53.36814774900651	20	18.181818181818183	3.1920349999999997
O22A7	1.063952	28.33572315814817	6.4859738693373234	35.06942187989196	46.0	61.051720886926844	84	36.36363636363637	3.7548079999999997
O22A8	0.733386	26.108874018183997	7.387968553179814	45.89338441680463	45.0	64.1529475573283	84	36.36363636363637	2.808953
O22B1	1.5808849999999999	44.45605841517949	6.0602231455565345	57.261881154426895	45.0	50.1084258373448	20	45.45454545454545	3.556062
O22B2	1.3961379999999999	36.596735191386465	6.282740427300931	42.187098040637615	46.0	54.1262311840993	20	36.36363636363637	3.8149249999999997
O22B3	0.9677629999999999	27.761194115480425	6.515485311387262	35.25112262036963	46.0	57.91858601864758	84	27.27272727272727	3.486029
O22B4	0.853648	24.664337131204235	6.891571118678827	34.148534432313056	46.0	58.99917828737059	84	27.27272727272727	3.461064
O22B5	0.8937579999999999	29.15254989159426	6.625063892054958	48.811186200132184	45.0	60.475912951836015	84	36.36363636363637	3.065797
O22B6	1.338585	37.533689850368276	6.333353846744645	45.24786717720972	46.0	53.09905203011027	20	45.45454545454545	3.5663579999999997
O22B7	0.8638969999999999	25.003299439789856	6.433268585668422	32.02017812281463	46.0	60.990431482666516	84	27.27272727272727	3.455133
O22B8	0.6408809999999999	21.217873865617914	7.410113456824577	31.938593498221508	47.0	62.6341713011367	84	36.36363636363637	3.020482
O22C1	0.990035	34.054319190512736	6.145504279528574	44.313730214725545	46.0	52.25478127767889	20	27.27272727272727	2.907225
O22C2	1.2853949999999998	38.85591936896823	6.264242827965161	56.73498168083718	45.0	53.14653853292488	20	45.45454545454545	3.308106
O22C3	0.782319	25.31209020112965	6.5375364466948245	36.55866241631026	46.0	58.1742240822857	84	27.27272727272727	3.0906949999999997
O22C4	1.010116	30.926005018010034	6.931659196273145	39.55167910461377	46.0	59.05254349271042	84	45.45454545454545	3.266237
O22C5	0.8173269999999999	24.813773815639113	6.644420519091915	32.2885293051621	46.0	60.64944293084741	84	27.27272727272727	3.293846
O22C6	1.1816339999999999	41.68500504819955	6.2846910847716915	60.398239531959945	44.0	51.376243264657596	20	45.45454545454545	2.8346739999999997
O22C7	0.6970959999999999	22.602590931286564	6.459512750862996	32.887234780064816	46.0	61.2605868990468	84	18.181818181818183	3.084142
O22C8	0.730043	24.555446464038987	7.3728026749873	36.048232717246286	46.0	64.09320547090032	84	36.36363636363637	2.973039
O22D1	1.259544	37.949891622872904	6.020597872740969	47.451377506752266	46.0	51.573359873719745	20	45.45454545454545	3.318967
O22D2	0.981386	29.321178444951496	6.225616331111405	40.69678240783606	46.0	53.938699237710416	20	27.27272727272727	3.347022
O22D3	1.111935	32.20108435960983	6.464632386431567	52.59243889713124	45.0	57.52860879459291	84	54.54545454545454	3.453099
O22D4	0.841784	26.36677259933459	6.84974707395605	36.15747500237866	47.0	58.37905888470038	84	27.27272727272727	3.192595
O22D5	0.9809289999999999	29.334448581602174	6.597226249441221	43.167552778416784	45.0	60.036133016342944	84	45.45454545454545	3.34395
O22D6	1.054932	30.035481165258183	6.352830385135855	40.56265290508443	46.0	53.61347361036452	20	27.27272727272727	3.512288
O22D7	0.9740979999999999	26.405983959029843	6.42337864647439	53.59594795099902	44.0	62.39742605509621	84	45.45454545454545	3.688929
O22D8	0.754728	22.57671970966943	7.333210379620551	29.944026542635243	46.0	63.478177943539656	84	18.181818181818183	3.342948
highN4A1	0.5816479999999999	26.090240740657674	4.9425870832025485	40.98448069638041	46.0	58.89284857222187	84	27.27272727272727	2.229373
highN4A2	0.644817	29.480893017080454	5.01759989420824	39.74412838885336	46.0	59.60139362977417	84	27.27272727272727	2.187238
highN4A3	0.841541	33.919673742090836	4.946574837997483	42.36908836023894	46.0	58.834542663867246	84	27.27272727272727	2.480987
highN4A4	0.866649	33.394703774590404	5.011836979397264	43.423254109381425	47.0	59.040996543579034	84	36.36363636363637	2.59517
highN4A5	0.48109599999999997	25.08529122070078	5.018749148098943	38.88346686916331	46.0	59.986387571871106	84	27.27272727272727	1.917843
highN4A6	0.680063	30.982905398817838	4.860407184408494	42.22405528545905	46.0	58.08685025071049	84	18.181818181818183	2.194962
highN4A7	0.7828769999999999	33.46789569713935	4.994629503989429	42.037012620819006	46.0	59.14570611682345	84	18.181818181818183	2.339188
highN4A8	0.7542599999999999	33.40638276009907	4.973652570209612	43.300162823117574	47.0	58.955475670698405	84	36.36363636363637	2.2578329999999998
highN4B1	0.651308	30.71978597821483	5.796621725191291	39.916652880273375	46.0	61.41562798621612	84	27.27272727272727	2.120158
highN4B2	0.725437	30.116515994898634	5.871280000347514	38.15257104713729	46.0	61.99498000637671	84	18.181818181818183	2.408768
highN4B3	0.717308	27.493578004156376	5.780637541281203	37.86203251577365	46.0	61.26328927180229	84	27.27272727272727	2.609003
highN4B4	0.612009	22.85558396278628	5.890099522918365	36.294330505676896	46.0	62.518795806141405	84	27.27272727272727	2.6777249999999997
highN4B5	0.86364	29.7860408714807	5.859336447347865	39.80496663992283	47.0	61.96448779471643	84	27.27272727272727	2.899482
highN4B6	0.7231949999999999	31.118237642226433	5.7434335882245815	39.63450618457841	46.0	60.47337205925065	84	27.27272727272727	2.324025
highN4B7	0.664353	26.25748622510866	5.804411860025851	37.38323251546029	46.0	61.613214803045665	84	27.27272727272727	2.5301549999999997
highN4B8	0.555402	23.309207229605356	5.85481328184313	36.18777915284904	46.0	62.21481715104213	84	27.27272727272727	2.382759
highN4C1	0.638247	28.298516277321	5.748673831334484	37.824878402033136	46.0	61.09968289607398	84	27.27272727272727	2.2554119999999998
highN4C2	0.7192449999999999	30.601859908242712	5.755917718404895	41.6076609826898	47.0	61.048060828801354	84	36.36363636363637	2.3503339999999997
highN4C3	0.515703	25.019284676759707	5.7197460848369195	39.2242642350564	46.0	60.08181995481332	84	27.27272727272727	2.0612269999999997
highN4C4	0.724997	30.497040723182472	5.86249108387292	39.46352833261727	47.0	61.28205354709095	84	27.27272727272727	2.377272
highN4C5	0.58865	27.668872248447812	5.7897774997130895	37.35271239018483	47.0	61.43839577641947	84	27.27272727272727	2.127484
highN4C6	0.549746	31.5743647030782	5.677391927336582	41.04791859530307	47.0	60.51283085838672	84	27.27272727272727	1.741115
highN4C7	0.5444129999999999	24.283413317109094	5.766892369791861	38.103237474131035	46.0	60.993539686313376	84	27.27272727272727	2.2419189999999998
highN4C8	0.6681549999999999	31.069491164454334	5.722929404908522	39.446647866401165	47.0	60.99622579830655	84	27.27272727272727	2.150521
highN4D1	0.730389	30.190183661094377	5.780279643190735	38.485203736388804	47.0	61.81516743514123	84	27.27272727272727	2.419295
highN4D2	0.549667	22.520838249947555	5.82403253064648	35.16074036804069	46.0	62.77064136360545	84	27.27272727272727	2.440706
highN4D3	0.7447229999999999	30.62926450084519	5.734265838640399	41.27400215132604	47.0	61.35502944586497	84	36.36363636363637	2.4314109999999998
highN4D4	0.5584239999999999	26.122141961003713	5.916632103412263	35.61081027930864	46.0	62.595021712151556	84	27.27272727272727	2.137743
highN4D5	0.5534	25.503726244643133	5.805741762667392	35.79219487432715	47.0	62.4448596998087	84	27.27272727272727	2.169883
highN4D6	0.505849	22.96845571395101	5.717383684518498	35.68279815129125	46.0	62.380658400711596	84	27.27272727272727	2.2023669999999997
