Sample	cutadapt_version	r_processed	r_with_adapters	r_written	bp_processed	quality_trimmed	bp_written	percent_trimmed
LD1A1	4.9	3976714	1393220	3976714	371733612	2299670	349173770	6.068819517993976
LD1A2	4.9	4375246	1643727	4375246	411475639	2053925	385642935	6.2780640095196505
LD1A3	4.9	3606357	1416686	3606357	340477669	1638786	318308269	6.511264032414414
LD1A4	4.9	4362157	1836187	4362157	414332522	2007046	385746451	6.899306591240742
LD1A5	4.9	4123789	1654822	4123789	390313812	1890100	364450810	6.626207222203042
LD1A6	4.9	4155659	1571998	4155659	390881275	1997053	366164037	6.3234643306973455
LD1A7	4.9	3538728	1375357	3538728	334660954	1659396	313110198	6.439578846117794
LD1B1	4.9	3250529	1173146	3250529	304762308	1836653	286076716	6.131201762653668
LD1B2	4.9	3640085	1382378	3640085	342616425	1708953	320944751	6.325345902491394
LD1B3	4.9	3608779	1425085	3608779	340808395	1644828	318513642	6.5417264736099
LD1B4	4.9	4007371	1692215	4007371	380495208	1836456	354187779	6.913997455652582
LD1B5	4.9	3641065	1469027	3641065	344668313	1672258	321728608	6.655588615133298
LD1B6	4.9	3684573	1406679	3684573	346793781	1790389	324678542	6.377057551675069
LD1B7	4.9	3859054	1507526	3859054	364880975	1808765	341263537	6.472641660749782
LD1C1	4.9	4720995	1660604	4720995	441841448	2718045	415276543	6.012316209863589
LD1C10	4.9	5060931	2024422	5060931	479072447	2276942	447546777	6.580564212660721
LD1C2	4.9	3962786	1488428	3962786	372774110	1873601	349412443	6.266976802654026
LD1C3	4.9	4782431	1876322	4782431	451488174	2184843	422121184	6.504487092058363
LD1C4	4.9	3995817	1680388	3995817	379527918	1856827	353367718	6.892826261070997
LD1C5	4.9	4574918	1832062	4574918	433038484	2123061	404416892	6.609480001782013
LD1C6	4.9	3756714	1420559	3756714	353413144	1834109	331070238	6.322035945556117
LD1C7	4.9	4568514	1778010	4568514	432124106	2153646	404274765	6.44475524816012
LD1C8	4.9	3251882	1479208	3251882	311335549	1471626	288432230	7.356474091559651
LD1C9	4.9	4359348	1860542	4359348	414866127	1968625	385968213	6.965599772863597
LD1D1	4.9	4579826	1630874	4579826	428870428	2609482	402866981	6.06324085371538
LD1D10	4.9	4659454	1863858	4659454	441114550	2095907	412049223	6.58906558398493
LD1D2	4.9	4216774	1591278	4216774	396804551	1977660	371867745	6.284405241108234
LD1D3	4.9	3962706	1560819	3962706	374277730	1804515	349879459	6.518761081510246
LD1D4	4.9	4181619	1764753	4181619	397291283	1930931	369816448	6.9155393474867655
LD1D5	4.9	4633172	1860413	4633172	438714292	2130079	409684405	6.617036994089995
LD1D6	4.9	4365707	1658190	4365707	410876042	2097747	384842602	6.336081284583636
LD1D7	4.9	4381029	1710006	4381029	414595422	2058992	387837067	6.454088390778227
LD1D8	4.9	4822441	2193569	4822441	461837088	2197850	427872077	7.354327290405919
LD1D9	4.9	4972021	2130703	4972021	473153572	2250502	440011026	7.004606529737875
O22A1	4.9	3876481	1400424	3876481	363472537	2192037	341147560	6.1421358500050856
O22A2	4.9	3986349	1513748	3986349	375240757	1865978	351479914	6.332159435442136
O22A3	4.9	3152605	1253578	3152605	297955871	1420581	278400328	6.563234661014618
O22A4	4.9	2756733	1164444	2756733	261821715	1253356	243737049	6.907244496507863
O22A5	4.9	3247053	1311747	3247053	307591467	1490425	287129924	6.652181609446273
O22A6	4.9	3192037	1221637	3192037	300585470	1517087	281435769	6.370800624527859
O22A7	4.9	3754816	1474502	3754816	355445712	1745655	332391596	6.4859738693373234
O22A8	4.9	2808959	1286290	2808959	269197965	1254415	249309704	7.387968553179814
O22B1	4.9	3556073	1265201	3556073	332987854	2029767	312808047	6.0602231455565345
O22B2	4.9	3814931	1439894	3814931	359011808	1792713	336456028	6.282740427300931
O22B3	4.9	3486034	1372884	3486034	329243686	1588123	307791862	6.515485311387262
O22B4	4.9	3461079	1454120	3461079	328697747	1604753	306045308	6.891571118678827
O22B5	4.9	3065807	1232690	3065807	290225835	1408018	270998188	6.625063892054958
O22B6	4.9	3566364	1352761	3566364	335504087	1703959	314255426	6.333353846744645
O22B7	4.9	3455139	1341278	3455139	326734563	1628005	305714851	6.433268585668422
O22B8	4.9	3020502	1372140	3020502	288943835	1405134	267532769	7.410113456824577
O22C1	4.9	2907233	1052983	2907233	272718824	1642369	255958877	6.145504279528574
O22C2	4.9	3308114	1248975	3308114	311284740	1538330	291785108	6.264242827965161
O22C3	4.9	3090701	1223430	3090701	292068322	1404832	272974249	6.5375364466948245
O22C4	4.9	3266246	1385083	3266246	310464903	1491573	288944534	6.931659196273145
O22C5	4.9	3293855	1331048	3293855	312094786	1510127	291357896	6.644420519091915
O22C6	4.9	2834681	1070082	2834681	266506512	1342680	249757401	6.2846910847716915
O22C7	4.9	3084149	1206382	3084149	291876597	1439181	273022791	6.459512750862996
O22C8	4.9	2973046	1358165	2973046	284881502	1338935	263877751	7.3728026749873
O22D1	4.9	3318986	1170581	3318986	310636641	1892679	291934458	6.020597872740969
O22D2	4.9	3347031	1250357	3347031	314716021	1558400	295123009	6.225616331111405
O22D3	4.9	3453103	1351687	3453103	325841931	1546813	304777448	6.464632386431567
O22D4	4.9	3192605	1332483	3192605	302983231	1467744	282229646	6.84974707395605
O22D5	4.9	3343963	1340730	3343963	316509427	1520425	295628584	6.597226249441221
O22D6	4.9	3512297	1337057	3512297	330573740	1718074	309572951	6.352830385135855
O22D7	4.9	3688939	1435756	3688939	348824711	1687820	326418379	6.42337864647439
O22D8	4.9	3342965	1516880	3342965	319984915	1523695	296519748	7.333210379620551
highN4A1	4.9	2229389	628578	2229389	205171600	1260517	195030815	4.9425870832025485
highN4A2	4.9	2187252	627837	2187252	201512859	1224193	191401750	5.01759989420824
highN4A3	4.9	2481006	700332	2481006	228345681	1400071	217050391	4.946574837997483
highN4A4	4.9	2595182	747599	2595182	239271769	1450266	227279858	5.011836979397264
highN4A5	4.9	1917866	551382	1917866	176795766	1079760	167922830	5.018749148098943
highN4A6	4.9	2194968	607241	2194968	201784740	1243542	191977180	4.860407184408494
highN4A7	4.9	2339201	669201	2339201	215497786	1311823	204734470	4.994629503989429
highN4A8	4.9	2257845	643925	2257845	208048187	1264485	197700593	4.973652570209612
highN4B1	4.9	2120160	726187	2120160	197803920	1187025	186337975	5.796621725191291
highN4B2	4.9	2408786	835017	2408786	224912353	1346346	211707119	5.871280000347514
highN4B3	4.9	2609020	887659	2609020	243173022	1468868	229116071	5.780637541281203
highN4B4	4.9	2677742	933515	2677742	250278131	1507387	235536500	5.890099522918365
highN4B5	4.9	2899492	1006690	2899492	270895760	1611250	255023066	5.859336447347865
highN4B6	4.9	2324070	780553	2324070	216401179	1325100	203972321	5.7434335882245815
highN4B7	4.9	2530178	864619	2530178	235939081	1423279	222244205	5.804411860025851
highN4B8	4.9	2382796	822149	2382796	222409945	1342248	209388258	5.85481328184313
highN4C1	4.9	2255423	761872	2255423	210196114	1246055	198112625	5.748673831334484
highN4C2	4.9	2350345	796377	2350345	219154818	1294466	206540447	5.755917718404895
highN4C3	4.9	2061236	688557	2061236	191798077	1149668	180827714	5.7197460848369195
highN4C4	4.9	2377282	822078	2377282	222044278	1311098	209026952	5.86249108387292
highN4C5	4.9	2127501	722160	2127501	198363115	1183638	186878332	5.7897774997130895
highN4C6	4.9	1741118	581669	1741118	162163580	960907	152956918	5.677391927336582
highN4C7	4.9	2241942	757340	2241942	208895350	1250708	196848580	5.766892369791861
highN4C8	4.9	2150544	722228	2150544	200415053	1191598	188945441	5.722929404908522
highN4D1	4.9	2419307	823195	2419307	225517238	1360344	212481711	5.780279643190735
highN4D2	4.9	2440731	836302	2440731	227636177	1381757	214378572	5.82403253064648
highN4D3	4.9	2431422	819100	2431422	226456906	1377092	213471265	5.734265838640399
highN4D4	4.9	2137759	746424	2137759	199703899	1207505	187888154	5.916632103412263
highN4D5	4.9	2169896	740620	2169896	202348907	1230745	190601052	5.805741762667392
highN4D6	4.9	2202379	741252	2202379	205171205	1250563	193440780	5.717383684518498
